0	12679	0
1	12653.5	25.5
2	12629.8	23.75
3	12606.1	23.6667
4	12584.1	22
5	12562.4	21.7
6	12541.4	21
7	12521.4	20
8	12502.8	18.5833
9	12484.5	18.3333
10	12466.8	17.6667
11	12450.3	16.5
12	12435.5	14.8234
13	12421	14.4545
14	12407	14
15	12393.6	13.4452
16	12380.6	13
17	12367.8	12.7619
18	12355.3	12.5429
19	12343	12.3316
20	12330.8	12.2
21	12319	11.7688
22	12307.4	11.6333
23	12296.2	11.1346
24	12285.2	11
25	12274.5	10.6793
26	12263.9	10.6333
27	12253.4	10.5412
28	12242.9	10.4476
29	12232.3	10.631
30	12222.1	10.1725
31	12211.7	10.3714
32	12201.9	9.88333
33	12192.1	9.7619
34	12182.1	9.97908
35	12172.7	9.46429
36	12163.3	9.35065
37	12154	9.33333
38	12141.7	12.3119
39	12131.9	9.77143
40	12122.9	8.97273
41	12114	8.96667
42	12104	9.95
43	12093.7	10.2667
44	12084.9	8.83737
45	12075.8	9.11485
46	12067.1	8.66672
47	12057.9	9.25
48	12049.3	8.56162
49	12040.5	8.77778
50	12031.9	8.6101
51	12022.7	9.21414
52	12014.2	8.51429
53	12005.7	8.5
54	11997.2	8.44444
55	11988.8	8.4
56	11980.5	8.38095
57	11971.9	8.51795
58	11963.3	8.65
59	11954.8	8.5
60	11946.6	8.18413
61	11938.5	8.15058
62	11930.3	8.1146
63	11922	8.31765
64	11913.9	8.08383
65	11904.9	9.09174
66	11896.8	8.00556
67	11888.9	7.95397
68	11880.7	8.16667
69	11872.8	7.93318
70	11864.3	8.50519
71	11856.5	7.83334
72	11848.7	7.75519
73	11840.9	7.81429
74	11832.9	7.98225
75	11823.9	8.95455
76	11816.3	7.66667
77	11808.6	7.66667
78	11801	7.64762
79	11793.4	7.61328
80	11785.4	8
81	11777.7	7.63636
82	11770.1	7.6
83	11762.5	7.58611
84	11755	7.52424
85	11747	8.02273
86	11738.5	8.5303
87	11731	7.4381
88	11723.6	7.37879
89	11716.2	7.45261
90	11708.8	7.34286
91	11701.5	7.37143
92	11694.3	7.20375
93	11687.1	7.18333
94	11679.9	7.13833
95	11672.5	7.40756
96	11665.4	7.1
97	11658.4	7.07727
98	11651.3	7.03508
99	11644.4	6.96667
100	11637.5	6.9
101	11630.6	6.88889
102	11623.8	6.81944
103	11616.8	6.93809
104	11610	6.8101
105	11602.6	7.43333
106	11595.8	6.78175
107	11589	6.7591
108	11582.3	6.74091
109	11575.6	6.72121
110	11568.8	6.7197
111	11562.1	6.70833
112	11555.4	6.70175
113	11548.7	6.69697
114	11542	6.75455
115	11535.4	6.62996
116	11528.3	7.00992
117	11521.7	6.59612
118	11514.2	7.52726
119	11507.6	6.59571
120	11501.1	6.56768
121	11494.5	6.55635
122	11487.5	7.04495
123	11480.5	6.93333
124	11474	6.56797
125	11467.3	6.60606
126	11459.6	7.70216
127	11453.1	6.52982
128	11446.6	6.51587
129	11439.5	7.06984
130	11431.8	7.73636
131	11423.4	8.40152
132	11416.9	6.44576
133	11409.9	7.03538
134	11402.2	7.72222
135	11395.8	6.41905
136	11389.4	6.40954
137	11382.2	7.12778
138	11375.9	6.36667
139	11369.1	6.78333
140	11361.6	7.43889
141	11355.3	6.34762
142	11349	6.31319
143	11340.3	8.66017
144	11332.5	7.81405
145	11326.2	6.29394
146	11319.9	6.27619
147	11313.7	6.25833
148	11307.4	6.25227
149	11301.2	6.19599
150	11295.1	6.15882
151	11288.6	6.44545
152	11282.5	6.14314
153	11275.8	6.69445
154	11269.7	6.10311
155	11263.6	6.08333
156	11257.2	6.41667
157	11251.1	6.07326
158	11244.8	6.33333
159	11238.1	6.68571
160	11232	6.0873
161	11225.9	6.07143
162	11219.9	6.05455
163	11213.8	6.04872
164	11207.8	6.04286
165	11201.6	6.22857
166	11195.5	6.03333
167	11189.5	6.03289
168	11183.5	6.02597
169	11177.1	6.35898
170	11171.1	6.0359
171	11162.5	8.58961
172	11156.5	6
173	11147.9	8.58333
174	11141.9	6
175	11135.9	6
176	11129.9	6
177	11123	6.875
178	11117	6
179	11111	6
180	11105	6
181	11099	6
182	11093	6
183	11087	6
184	11081	5.98413
185	11075.1	5.97218
186	11069.1	5.96889
187	11062.9	6.19115
188	11057	5.95455
189	11051	5.95394
190	11044.6	6.44567
191	11038.6	5.93333
192	11032.6	6.03333
193	11026.7	5.93333
194	11020.7	5.92857
195	11014.8	5.92308
196	11008.9	5.91667
197	11003	5.90639
198	10996.5	6.4451
199	10990.7	5.87778
200	10984.4	6.20913
201	10978.6	5.87273
202	10971.7	6.88947
203	10964.9	6.7671
204	10959	5.91767
205	10953	6.02944
206	10947.1	5.84596
207	10941.2	5.90152
208	10935.3	5.93939
209	10929.5	5.7963
210	10923.2	6.29577
211	10917.5	5.73415
212	10911.7	5.72769
213	10905.7	5.97884
214	10899.3	6.45714
215	10893.6	5.70296
216	10887.9	5.69444
217	10882.2	5.68687
218	10876.6	5.65476
219	10867.2	9.35714
220	10861.5	5.64903
221	10855.5	6.00833
222	10848.4	7.13333
223	10842.5	5.9
224	10836	6.46493
225	10829.9	6.16813
226	10824	5.91111
227	10818.3	5.62381
228	10812.8	5.55632
229	10807.2	5.55897
230	10801.7	5.52381
231	10796.2	5.52005
232	10790.5	5.62625
233	10784.8	5.73052
234	10777.2	7.65294
235	10771.6	5.5974
236	10765.5	6.04762
237	10760	5.5345
238	10754.4	5.61667
239	10748	6.33333
240	10742.2	5.85318
241	10736	6.21104
242	10729.4	6.56508
243	10722.5	6.88572
244	10716.6	5.92064
245	10709.8	6.7619
246	10704.4	5.46667
247	10698.7	5.6746
248	10693.2	5.46667
249	10687.8	5.44762
250	10682.3	5.43333
251	10676.9	5.42745
252	10671.3	5.57951
253	10666	5.38681
254	10660.1	5.86165
255	10654.3	5.78629
256	10648.1	6.16295
257	10642.7	5.44508
258	10637.2	5.52448
259	10631.8	5.36241
260	10626.5	5.35
261	10620.6	5.85
262	10615.1	5.51667
263	10609.4	5.73333
264	10603.1	6.26667
265	10597.2	5.91585
266	10591.3	5.83333
267	10585.1	6.26667
268	10579.7	5.33333
269	10574.4	5.33333
270	10568.6	5.8
271	10563.3	5.325
272	10553.4	9.85
273	10548	5.46383
274	10542.6	5.36706
275	10537.3	5.35397
276	10531.9	5.38095
277	10526.6	5.29234
278	10521.3	5.28472
279	10516	5.26764
280	10510.7	5.36414
281	10505	5.70885
282	10498.9	6.09735
283	10492.5	6.35475
284	10486.6	5.92432
285	10481.1	5.46823
286	10475.7	5.44703
287	10470.4	5.21755
288	10465.2	5.21667
289	10460	5.20709
290	10453.6	6.42934
291	10447.9	5.65159
292	10442.1	5.86895
293	10436.8	5.29069
294	10430.6	6.15385
295	10425.1	5.488
296	10419.6	5.55629
297	10414.1	5.48648
298	10408.5	5.64463
299	10403.3	5.18978
300	10398.1	5.16346
301	10392.9	5.15833
302	10387.5	5.44524
303	10381.5	5.97619
304	10375.8	5.72857
305	10370.1	5.67968
306	10364.2	5.94762
307	10358.7	5.44286
308	10351.4	7.37143
309	10346.2	5.11039
310	10341.1	5.1059
311	10336	5.1435
312	10330.9	5.10491
313	10325.8	5.1
314	10320.7	5.1
315	10315.6	5.1
316	10310.5	5.08823
317	10305.4	5.07192
318	10299.7	5.69365
319	10294.1	5.62454
320	10288.7	5.37145
321	10283	5.7
322	10277.3	5.7
323	10271.7	5.63099
324	10264.9	6.80702
325	10258.9	6.04319
326	10253.4	5.46667
327	10248.3	5.05742
328	10243.1	5.18475
329	10238.1	5.04491
330	10232.7	5.36704
331	10227.7	5.03739
332	10222.7	5.00952
333	10217.2	5.47619
334	10212.2	5.00543
335	10206.4	5.84006
336	10201.2	5.21437
337	10196.1	5.10086
338	10191.1	4.96623
339	10183.9	7.22597
340	10177.3	6.59596
341	10171.6	5.6202
342	10166.6	5.05556
343	10161.6	4.94444
344	10156.6	5
345	10151.7	4.93939
346	10145.7	5.98413
347	10140	5.71429
348	10133	7.03788
349	10125.3	7.63636
350	10120.4	4.92857
351	10115.3	5.11948
352	10110.2	5.07719
353	10104.7	5.53939
354	10099.8	4.89852
355	10094.9	4.88037
356	10089.9	4.95682
357	10084.9	4.99717
358	10079.4	5.55042
359	10073.5	5.8959
360	10068.2	5.24104
361	10061.1	7.18484
362	10055.8	5.26847
363	10048.9	6.89474
364	10043.6	5.26205
365	10038.8	4.83063
366	10034	4.80992
367	10028	6.04144
368	10022.7	5.25576
369	10017.9	4.82262
370	10012.3	5.53516
371	10005.1	7.28095
372	9999.05	6.00836
373	9994.18	4.87805
374	9988.94	5.23127
375	9983.72	5.22728
376	9977.76	5.95444
377	9972.85	4.90952
378	9967.83	5.02222
379	9962.97	4.85658
380	9954.87	8.10132
381	9949.82	5.0581
382	9941.6	8.21919
383	9936.55	5.04892
384	9931.84	4.70833
385	9925.29	6.55418
386	9920.45	4.83333
387	9915.75	4.70119
388	9910.66	5.09524
389	9905.62	5.03333
390	9900.76	4.86667
391	9896.06	4.7
392	9890.7	5.35498
393	9885.36	5.34286
394	9880.55	4.80952
395	9875.87	4.67619
396	9871.21	4.66667
397	9866.54	4.66667
398	9861.04	5.5
399	9856.04	5
400	9851.13	4.90833
401	9846.47	4.65686
402	9841.82	4.65686
403	9837.09	4.72549
404	9831.91	5.18301
405	9826.27	5.64052
406	9820.17	6.09804
407	9815.5	4.66667
408	9810.27	5.23333
409	9804.14	6.13333
410	9799.26	4.87677
411	9794.53	4.73333
412	9789.3	5.23095
413	9784.16	5.13333
414	9779.54	4.62607
415	9774.17	5.37095
416	9769.17	4.99614
417	9764.33	4.8424
418	9759.18	5.14927
419	9753.83	5.34661
420	9747.48	6.35348
421	9742.37	5.10594
422	9737.72	4.65546
423	9732.95	4.7619
424	9728.36	4.59163
425	9723.53	4.83256
426	9718.96	4.57273
427	9713.27	5.68804
428	9708.5	4.76699
429	9702.5	6.00691
430	9697.79	4.70974
431	9693.21	4.57692
432	9688.5	4.7056
433	9683.87	4.62857
434	9679.24	4.63553
435	9674.48	4.76125
436	9669.64	4.8355
437	9665.04	4.60256
438	9660.13	4.91026
439	9655.6	4.53112
440	9650.95	4.64325
441	9644.35	6.6
442	9638.54	5.81429
443	9630.54	8
444	9625.13	5.40822
445	9620.52	4.61078
446	9614.97	5.55397
447	9610.34	4.62857
448	9605.83	4.50714
449	9601.33	4.50397
450	9596.83	4.49699
451	9590.92	5.90909
452	9586.1	4.82424
453	9581.3	4.80018
454	9576.84	4.45299
455	9571.72	5.11966
456	9566.94	4.78413
457	9562	4.93651
458	9556.79	5.21429
459	9551.39	5.4
460	9546.92	4.47222
461	9541.77	5.14444
462	9537.35	4.42222
463	9532.93	4.42222
464	9528.45	4.47778
465	9524.03	4.41879
466	9519.03	4.99665
467	9514.57	4.46044
468	9509.44	5.13095
469	9504.92	4.52381
470	9500.53	4.39048
471	9496.15	4.38182
472	9491.57	4.58025
473	9487.17	4.4
474	9482.79	4.3755
475	9477.69	5.09775
476	9472.68	5.01048
477	9467.33	5.34702
478	9462.65	4.68615
479	9457.47	5.18095
480	9451.3	6.16792
481	9446.67	4.62531
482	9442.06	4.61429
483	9437.73	4.33339
484	9432.54	5.18271
485	9428.14	4.40397
486	9423.64	4.5
487	9418.76	4.87948
488	9414.36	4.40332
489	9409.66	4.69823
490	9405.34	4.31842
491	9400.4	4.93637
492	9396.1	4.30688
493	9391.27	4.82581
494	9384.1	7.17171
495	9379.73	4.37026
496	9374.5	5.22475
497	9370.09	4.41654
498	9365.29	4.8025
499	9360.66	4.62473
500	9354.93	5.73449
501	9350.64	4.2829
502	9346.26	4.38407
503	9341.78	4.47953
504	9337.21	4.57368
505	9332.96	4.24286
506	9327.68	5.28571
507	9323.45	4.22821
508	9319.23	4.21538
509	9315.02	4.21111
510	9310.81	4.21111
511	9306.61	4.2
512	9300.86	5.74802
513	9295.03	5.82843
514	9290.47	4.56116
515	9285.54	4.92772
516	9281.35	4.19524
517	9275.22	6.13333
518	9271.04	4.17692
519	9266.87	4.16581
520	9262.56	4.31119
521	9257.89	4.66667
522	9253.57	4.32473
523	9248.77	4.7967
524	9244.62	4.15223
525	9240.48	4.13809
526	9236.11	4.36813
527	9231.81	4.30276
528	9227.33	4.47619
529	9223.11	4.22389
530	9218.93	4.18212
531	9214.81	4.1193
532	9210.6	4.21345
533	9206.28	4.31444
534	9202.06	4.2193
535	9197.46	4.60234
536	9192.86	4.60317
537	9187.81	5.04762
538	9183.15	4.65897
539	9177.16	5.98947
540	9172.78	4.38095
541	9167.73	5.04545
542	9161.67	6.06061
543	9157.07	4.6
544	9151.56	5.51429
545	9146.89	4.66667
546	9135.09	11.7976
547	9131.02	4.07644
548	9126.58	4.4359
549	9121.92	4.66588
550	9117.71	4.20192
551	9113.68	4.03333
552	9109.65	4.03333
553	9105.48	4.16667
554	9101.15	4.33333
555	9096.48	4.66667
556	9092.45	4.03333
557	9087.65	4.8
558	9083.27	4.37857
559	9078.6	4.67179
560	9073.4	5.2
561	9069.37	4.02381
562	9064.95	4.41905
563	9060.12	4.83095
564	9055.88	4.24589
565	9051.64	4.2381
566	9047.62	4.02222
567	9042.88	4.73333
568	9038.33	4.55556
569	9034.31	4.02121
570	9030.23	4.08034
571	9025.91	4.31911
572	9020.89	5.0141
573	9014.71	6.18462
574	9008.98	5.73175
575	9003.6	5.3718
576	8997.12	6.48081
577	8991.98	5.14837
578	8986.75	5.2218
579	8980.86	5.89675
580	8972.46	8.39762
581	8968.44	4.0202
582	8964.26	4.17949
583	8960.25	4.0145
584	8953.84	6.40342
585	8949.29	4.55107
586	8944.04	5.25269
587	8939.04	5
588	8934.99	4.04637
589	8930.72	4.26863
590	8925.57	5.15755
591	8921.14	4.42742
592	8915.58	5.55444
593	8910.58	5
594	8906.28	4.3005
595	8902.15	4.12979
596	8898.1	4.04921
597	8893.1	5
598	8889.08	4.02222
599	8884.5	4.58727
600	8879.5	5
601	8874.88	4.61429
602	8869.88	5
603	8865.74	4.14286
604	8860.81	4.92344
605	8855.81	5
606	8851.81	4
607	8847.81	4
608	8843.81	4
609	8839.81	4
610	8835.81	4
611	8831.65	4.16667
612	8826.81	4.83333
613	8822.81	4
614	8818.81	4
615	8814.81	4
616	8810.48	4.33333
617	8806.48	4
618	8802.48	4
619	8798.48	4
620	8794.26	4.22222
621	8790.21	4.04762
622	8786.21	4
623	8781.99	4.22454
624	8777.99	4
625	8773.99	4
626	8769.99	4
627	8765.99	4
628	8761.99	4
629	8757.99	4
630	8753.99	4
631	8749.99	4
632	8745.99	4
633	8741.39	4.6
634	8737.39	4
635	8733.39	4
636	8729.39	4
637	8725.39	4
638	8721.39	4
639	8717.05	4.33333
640	8712.89	4.16667
641	8708.89	4
642	8703.48	5.40417
643	8699.48	4
644	8695.48	4
645	8691.48	4
646	8687.48	4
647	8682.48	5
648	8678.48	4
649	8674.48	4
650	8670.48	4
651	8666.48	4
652	8661.27	5.20952
653	8656.67	4.6
654	8652.22	4.44978
655	8647.72	4.5
656	8643.72	4
657	8639.72	4
658	8635.72	4
659	8631.72	4
660	8627.72	4
661	8623.52	4.2
662	8619.52	4
663	8615.52	4
664	8611.52	4
665	8607.52	4
666	8603.52	4
667	8599.52	4
668	8595.52	4
669	8591.52	4
670	8587.52	4
671	8583.52	4
672	8579.52	4
673	8575.52	4
674	8571.52	4
675	8567.52	4
676	8563.52	4
677	8559.52	4
678	8555.52	4
679	8551.52	4
680	8547.52	4
681	8543.52	4
682	8539.52	4
683	8535.52	4
684	8531.52	4
685	8527.52	4
686	8523.52	4
687	8519.52	4
688	8515.52	4
689	8511.52	4
690	8507.52	4
691	8503.19	4.33333
692	8499.19	4
693	8495.19	4
694	8491.19	4
695	8487.19	4
696	8482.72	4.46667
697	8478.72	4
698	8474.72	4
699	8470.72	4
700	8466.72	4
701	8462.72	4
702	8458.72	4
703	8454.72	4
704	8450.72	4
705	8446.72	4
706	8442.72	4
707	8438.72	4
708	8434.72	4
709	8430.72	4
710	8426.72	4
711	8422.72	4
712	8418.72	4
713	8414.72	4
714	8410.72	4
715	8406.72	4
716	8402.72	4
717	8398.72	4
718	8394.72	4
719	8390.56	4.16667
720	8386.22	4.33333
721	8382.22	4
722	8378.22	4
723	8374.22	4
724	8370.22	4
725	8366.22	4
726	8362.22	4
727	8357.39	4.83333
728	8353.39	4
729	8349.39	4
730	8345.39	4
731	8341.39	4
732	8337.39	4
733	8333.39	4
734	8329.39	4
735	8325.39	4
736	8321.39	4
737	8316.39	5
738	8312.39	4
739	8308.39	4
740	8304.39	4
741	8300.39	4
742	8296.39	4
743	8292.39	4
744	8288.39	4
745	8284.39	4
746	8280.39	4
747	8276.39	4
748	8272.39	4
749	8268.41	3.98442
750	8264.43	3.97778
751	8260.46	3.96825
752	8256.49	3.96667
753	8252.53	3.96491
754	8248.51	4.01754
755	8243.18	5.33208
756	8238.4	4.78355
757	8233.43	4.9609
758	8229.28	4.15639
759	8224.23	5.05303
760	8219.99	4.23759
761	8215.96	4.02526
762	8211.91	4.04986
763	8207.54	4.37059
764	8203.52	4.02119
765	8199.47	4.05455
766	8195.53	3.93333
767	8191.63	3.9049
768	8187.75	3.88296
769	8183.58	4.16667
770	8179.33	4.24762
771	8175.46	3.87222
772	8170.68	4.77976
773	8166.82	3.86032
774	8162.81	4.00476
775	8158.86	3.95
776	8154.82	4.04261
777	8150.86	3.95739
778	8147.02	3.84138
779	8143.19	3.82828
780	8139.31	3.88889
781	8135.48	3.82222
782	8131.67	3.81489
783	8127.86	3.81092
784	8123.7	4.15508
785	8119.9	3.80299
786	8116.11	3.78462
787	8111.9	4.21905
788	8108.12	3.77778
789	8104.17	3.9451
790	8098.42	5.74837
791	8093.92	4.5
792	8089.92	4
793	8086.16	3.76667
794	8080.87	5.29206
795	8075.2	5.6627
796	8071.35	3.85
797	8067.5	3.85
798	8063.75	3.75
799	8060	3.74821
800	8056.27	3.73333
801	8052.35	3.92024
802	8048.43	3.91795
803	8044.68	3.75714
804	8040.95	3.72222
805	8037.23	3.72222
806	8033.34	3.88877
807	8028.49	4.85641
808	8024.02	4.4619
809	8020.07	3.95671
810	8016.37	3.7
811	8012.67	3.7
812	8008.99	3.67227
813	8005.19	3.80519
814	8001.53	3.66014
815	7997.73	3.8
816	7994.07	3.65714
817	7990.42	3.64925
818	7984.79	5.6303
819	7981.04	3.75116
820	7977.42	3.62092
821	7973.41	4.00831
822	7968.84	4.57029
823	7964.9	3.94444
824	7961.29	3.60256
825	7957.54	3.75641
826	7953.63	3.91026
827	7950.03	3.59524
828	7945.23	4.80346
829	7941.38	3.85455
830	7937.45	3.92308
831	7933.62	3.83333
832	7930.03	3.58889
833	7925.49	4.53943
834	7920.07	5.42105
835	7914.41	5.65686
836	7910.26	4.15152
837	7905.18	5.08009
838	7901.32	3.8658
839	7897.5	3.81818
840	7892.4	5.09841
841	7888.02	4.37778
842	7883.4	4.62381
843	7878.8	4.6
844	7872.46	6.33333
845	7866.21	6.25
846	7858.41	7.8
847	7853.92	4.48889
848	7849.29	4.63333
849	7843.62	5.66667
850	7840.02	3.6
851	7836.47	3.55512
852	7832.92	3.55
853	7829.17	3.75
854	7825.62	3.55
855	7822.08	3.54118
856	7817.95	4.12778
857	7814.42	3.52757
858	7810.81	3.61275
859	7807.29	3.52063
860	7803.68	3.61349
861	7798.88	4.8013
862	7793.55	5.32634
863	7789.54	4.00838
864	7785.29	4.24659
865	7780.53	4.76894
866	7776.69	3.83333
867	7772.69	4
868	7768.3	4.39445
869	7764.7	3.6
870	7760.56	4.13333
871	7756.69	3.87778
872	7750.49	6.2
873	7747	3.4851
874	7743.52	3.4787
875	7739.71	3.81203
876	7736.23	3.47619
877	7731.63	4.6
878	7728.16	3.47218
879	7724.69	3.46984
880	7721.22	3.46984
881	7717.69	3.53095
882	7713.9	3.79756
883	7709.97	3.92432
884	7706.55	3.41854
885	7701.77	4.78318
886	7697.34	4.42901
887	7693.33	4.00758
888	7689.01	4.32213
889	7685.12	3.89274
890	7680.75	4.36544
891	7676.24	4.51012
892	7670.94	5.30043
893	7666.96	3.97657
894	7663.09	3.87672
895	7658.37	4.71562
896	7654.07	4.30036
897	7649.94	4.13333
898	7646.52	3.41667
899	7642.53	3.98718
900	7637.78	4.75
901	7634.37	3.41046
902	7628.8	5.57778
903	7625.39	3.40278
904	7621.99	3.4
905	7617.27	4.72727
906	7613.54	3.72515
907	7610.15	3.39048
908	7605.65	4.5
909	7601.98	3.66667
910	7597.73	4.25
911	7594.35	3.38889
912	7590.41	3.93333
913	7586.38	4.03333
914	7582.91	3.46667
915	7579.2	3.71429
916	7575.82	3.38095
917	7572.44	3.38095
918	7569.06	3.38095
919	7565.68	3.37204
920	7561.68	4.00323
921	7553.38	8.30107
922	7546.92	6.45476
923	7539.33	7.59127
924	7533.65	5.68485
925	7526.36	7.28333
926	7522.21	4.15556
927	7518.84	3.36667
928	7515.38	3.46667
929	7511.28	4.1
930	7507.71	3.56042
931	7502.9	4.81008
932	7497.82	5.08889
933	7493.82	4
934	7489.81	4.00659
935	7486.1	3.71282
936	7482.33	3.76191
937	7478.98	3.35784
938	7475.56	3.41667
939	7471.78	3.77857
940	7468.1	3.67677
941	7464.3	3.80303
942	7460.87	3.43095
943	7457.49	3.38221
944	7454.12	3.36667
945	7450.75	3.36667
946	7446.66	4.09706
947	7442.79	3.86667
948	7439.12	3.66667
949	7435.42	3.70833
950	7432.04	3.37255
951	7426.46	5.58333
952	7421.07	5.38889
953	7417.29	3.77778
954	7410.99	6.3
955	7407.34	3.65734
956	7403.83	3.50643
957	7400.52	3.31282
958	7395.54	4.97172
959	7392.25	3.3
960	7388.58	3.66667
961	7384.78	3.79899
962	7381.48	3.3
963	7376.18	5.30303
964	7372.55	3.62857
965	7368.63	3.91667
966	7365.34	3.28758
967	7361.34	4
968	7358.06	3.28485
969	7354.48	3.58333
970	7350.03	4.44444
971	7346.41	3.62222
972	7342.74	3.66667
973	7338.74	4
974	7335.42	3.32381
975	7330.31	5.10844
976	7325.7	4.61111
977	7322.43	3.27031
978	7318.52	3.91176
979	7315.07	3.44394
980	7311.32	3.75758
981	7307.34	3.97222
982	7304.03	3.31372
983	7299.16	4.86984
984	7294.53	4.62778
985	7290.93	3.6
986	7287.67	3.2631
987	7284.21	3.46275
988	7280.85	3.35607
989	7277.13	3.71582
990	7273.82	3.31429
991	7270.15	3.66616
992	7266.72	3.43131
993	7262.86	3.86316
994	7259.22	3.63725
995	7254.42	4.80018
996	7249.32	5.09962
997	7245.28	4.04192
998	7240.63	4.65088
999	7235.93	4.69794
1000	7231.42	4.51326
1001	7226.32	5.1
1002	7220.54	5.78019
1003	7216.06	4.47368
1004	7211.89	4.17895
1005	7208.58	3.30079
1006	7204.92	3.66667
1007	7201.7	3.2152
1008	7198.07	3.63636
1009	7194.5	3.56818
1010	7189.44	5.05449
1011	7185.41	4.03448
1012	7181.71	3.69794
1013	7178.14	3.57143
1014	7174.43	3.71429
1015	7170.38	4.05
1016	7167.18	3.2
1017	7163.05	4.12857
1018	7158.78	4.26667
1019	7153.6	5.17893
1020	7149.59	4.01667
1021	7145.59	4
1022	7142.36	3.22222
1023	7139.18	3.1812
1024	7135.5	3.67879
1025	7130.37	5.13158
1026	7126.37	4
1027	7123.12	3.25541
1028	7119.73	3.38811
1029	7115.27	4.45723
1030	7111.35	3.92182
1031	7107.74	3.61364
1032	7104.58	3.15712
1033	7101.4	3.17647
1034	7096.07	5.32898
1035	7092.68	3.39014
1036	7089.02	3.66207
1037	7084.45	4.5746
1038	7081.08	3.36667
1039	7077.1	3.98333
1040	7073.75	3.35
1041	7070.62	3.12381
1042	7067.41	3.20952
1043	7064.18	3.23636
1044	7060.76	3.41818
1045	7056.8	3.95556
1046	7053.01	3.79591
1047	7049.01	4
1048	7045.61	3.3941
1049	7041.41	4.20504
1050	7037.94	3.46364
1051	7034.64	3.30364
1052	7030.5	4.13571
1053	7026.73	3.77216
1054	7023.33	3.4
1055	7019.64	3.69031
1056	7015.83	3.80846
1057	7010.85	4.97879
1058	7007.25	3.6
1059	7003.87	3.38889
1060	7000.44	3.42886
1061	6996.64	3.8
1062	6993.26	3.38095
1063	6989.67	3.5873
1064	6986.4	3.26605
1065	6982.27	4.1349
1066	6979.09	3.17641
1067	6975.48	3.61175
1068	6970.77	4.71487
1069	6967.4	3.36169
1070	6962.62	4.78267
1071	6958.61	4.01359
1072	6954.85	3.75285
1073	6950.75	4.10112
1074	6946.85	3.90175
1075	6942.65	4.20595
1076	6939.14	3.50877
1077	6935.96	3.17313
1078	6932.88	3.07895
1079	6929.81	3.07778
1080	6926.23	3.57778
1081	6922.85	3.375
1082	6919.73	3.125
1083	6915.73	4
1084	6912.02	3.70833
1085	6908.56	3.45833
1086	6904.85	3.70833
1087	6901.78	3.07143
1088	6898.71	3.06667
1089	6895.66	3.05556
1090	6892.49	3.16667
1091	6889.44	3.05556
1092	6886.38	3.05263
1093	6883.3	3.08333
1094	6878.1	5.19706
1095	6875	3.1
1096	6871.46	3.54737
1097	6868.3	3.15263
1098	6864.84	3.45909
1099	6861.48	3.36742
1100	6858.29	3.19091
1101	6854.8	3.49091
1102	6851.75	3.04545
1103	6847.36	4.38517
1104	6843.13	4.23549
1105	6839.39	3.74436
1106	6835.5	3.88277
1107	6831.85	3.65539
1108	6826.94	4.90852
1109	6822.46	4.47368
1110	6818.91	3.55633
1111	6814.88	4.03368
1112	6809.2	5.6777
1113	6805.99	3.20267
1114	6801.55	4.44193
1115	6798.33	3.22627
1116	6794.16	4.1709
1117	6791.04	3.11163
1118	6787.09	3.95546
1119	6784.02	3.0641
1120	6780.74	3.28274
1121	6777.64	3.1
1122	6774.61	3.03333
1123	6771.48	3.13333
1124	6768.44	3.03333
1125	6763.94	4.5
1126	6760.91	3.03333
1127	6757.31	3.6
1128	6754.28	3.03333
1129	6751.24	3.03333
1130	6748.21	3.03333
1131	6744.84	3.37018
1132	6741.74	3.1
1133	6737.99	3.75
1134	6734.94	3.05
1135	6730.14	4.79524
1136	6726.63	3.51667
1137	6723.1	3.52381
1138	6719.45	3.65714
1139	6716.29	3.15714
1140	6713.27	3.02143
1141	6708.31	4.95714
1142	6703.67	4.64286
1143	6697.34	6.32857
1144	6693.84	3.5
1145	6690.37	3.46667
1146	6686.18	4.18853
1147	6683.1	3.07857
1148	6680.03	3.0765
1149	6675.6	4.43155
1150	6671.6	3.99203
1151	6668.36	3.24762
1152	6665.23	3.13068
1153	6660.94	4.28671
1154	6657.57	3.36623
1155	6654.42	3.15033
1156	6651.39	3.02857
1157	6648.05	3.33893
1158	6644.8	3.25714
1159	6641.75	3.04762
1160	6638.42	3.33333
1161	6634.89	3.52381
1162	6631.39	3.50535
1163	6628.35	3.03463
1164	6625.42	2.92857
1165	6622.49	2.92857
1166	6619.57	2.92857
1167	6616.64	2.92857
1168	6613.71	2.92857
1169	6610.27	3.4381
1170	6607.35	2.91667
1171	6604.24	3.11538
1172	6601.34	2.9
1173	6597.97	3.36667
1174	6594.07	3.9
1175	6590.17	3.9
1176	6587.17	3
1177	6584.01	3.16667
1178	6580.61	3.4
1179	6577.71	2.9
1180	6574.72	2.98889
1181	6571.57	3.15
1182	6568.69	2.875
1183	6565.07	3.625
1184	6562.07	3
1185	6558.57	3.5
1186	6555.7	2.86667
1187	6552.84	2.86364
1188	6549.34	3.5
1189	6546.28	3.06061
1190	6542.78	3.5
1191	6539.28	3.5
1192	6536.26	3.01948
1193	6532.82	3.43651
1194	6529.81	3.01429
1195	6526.95	2.85859
1196	6524.11	2.83504
1197	6519.54	4.57143
1198	6516.52	3.02381
1199	6513.16	3.35714
1200	6510.33	2.83333
1201	6507.49	2.83333
1202	6504.66	2.83333
1203	6501.66	3
1204	6498.83	2.83333
1205	6495.92	2.90476
1206	6492.92	3.00368
1207	6490.08	2.83333
1208	6487.08	3
1209	6484.25	2.83333
1210	6481.42	2.83333
1211	6478.58	2.83333
1212	6475.76	2.82456
1213	6472.93	2.82456
1214	6470.11	2.82222
1215	6467.3	2.8141
1216	6463.6	3.7
1217	6460.51	3.08333
1218	6457.04	3.47619
1219	6454.23	2.80702
1220	6451.09	3.13939
1221	6447.76	3.32982
1222	6444.29	3.46842
1223	6440.95	3.34035
1224	6437.48	3.47895
1225	6434.04	3.43183
1226	6430.25	3.78947
1227	6427.03	3.22807
1228	6423.37	3.65455
1229	6420.2	3.1697
1230	6416.85	3.35151
1231	6413.36	3.49091
1232	6410.35	3.00606
1233	6406.88	3.46869
1234	6404.09	2.79048
1235	6400.64	3.45658
1236	6397.06	3.58034
1237	6393.24	3.82017
1238	6387.78	5.45658
1239	6384.2	3.58375
1240	6379.87	4.32325
1241	6376.77	3.10476
1242	6373.94	2.82409
1243	6371.14	2.80023
1244	6367.69	3.45455
1245	6363.72	3.9697
1246	6360.39	3.33333
1247	6357.6	2.78333
1248	6354.82	2.77778
1249	6351.94	2.88889
1250	6348.49	3.44444
1251	6344.3	4.19048
1252	6340.86	3.44444
1253	6337.41	3.44444
1254	6332.91	4.5
1255	6328.95	3.9576
1256	6325.77	3.18056
1257	6322.11	3.66667
1258	6318.77	3.33333
1259	6313.77	5
1260	6309.44	4.33333
1261	6306.42	3.01842
1262	6303.64	2.77778
1263	6300.71	2.93636
1264	6297.94	2.76923
1265	6294.82	3.11429
1266	6291.99	2.83333
1267	6289.22	2.76667
1268	6286.3	2.92857
1269	6283.5	2.8
1270	6280.73	2.7619
1271	6277.13	3.60317
1272	6274.09	3.04444
1273	6270.66	3.42857
1274	6267.9	2.7619
1275	6264.47	3.42857
1276	6260.13	4.33333
1277	6256.87	3.26114
1278	6253.02	3.85027
1279	6250.27	2.75641
1280	6247.23	3.03333
1281	6243.94	3.29048
1282	6240.77	3.17692
1283	6237.77	3
1284	6234.28	3.48485
1285	6230.87	3.41177
1286	6227.77	3.09804
1287	6224.6	3.16667
1288	6221	3.6
1289	6217.51	3.4902
1290	6213.85	3.66667
1291	6210.51	3.33333
1292	6207.73	2.78712
1293	6202.88	4.84422
1294	6199.78	3.0989
1295	6196.37	3.40952
1296	6193.33	3.04755
1297	6190.35	2.98137
1298	6187.23	3.11569
1299	6183.93	3.3
1300	6180.26	3.66667
1301	6175.66	4.6
1302	6172.86	2.80044
1303	6170.1	2.7619
1304	6166.77	3.33333
1305	6163.8	2.9707
1306	6161.06	2.73788
1307	6157.63	3.42525
1308	6154.7	2.93333
1309	6151.95	2.75151
1310	6149.22	2.73333
1311	6146.16	3.05548
1312	6143.26	2.90256
1313	6137.48	5.77778
1314	6133.8	3.67692
1315	6130.22	3.58462
1316	6125.46	4.76389
1317	6122.26	3.19736
1318	6119.04	3.21429
1319	6115.89	3.15641
1320	6112.76	3.12471
1321	6110.06	2.70593
1322	6106.26	3.79437
1323	6103.41	2.85628
1324	6099.28	4.12576
1325	6095.74	3.5409
1326	6092.25	3.49366
1327	6089.37	2.87759
1328	6086.49	2.88235
1329	6083.7	2.78207
1330	6080.83	2.87582
1331	6077.87	2.96004
1332	6075.2	2.66239
1333	6072.46	2.74452
1334	6069.43	3.0317
1335	6065.88	3.55
1336	6062.6	3.28095
1337	6059.12	3.48235
1338	6055.2	3.91041
1339	6052.3	2.9
1340	6049.69	2.61146
1341	6046.84	2.85292
1342	6043.76	3.08473
1343	6039.43	4.32971
1344	6036.37	3.05855
1345	6033.06	3.30921
1346	6028.45	4.60987
1347	6024.42	4.02482
1348	6019.91	4.5112
1349	6015.35	4.56186
1350	6009.74	5.61253
1351	6004.87	4.86319
1352	6000.06	4.81385
1353	5996.81	3.25
1354	5994.23	2.57656
1355	5990.84	3.39231
1356	5987.96	2.88425
1357	5983.96	3.99596
1358	5980.3	3.65714
1359	5977.32	2.98413
1360	5973.82	3.5
1361	5971.15	2.66667
1362	5968.24	2.91313
1363	5965.36	2.88095
1364	5962.82	2.53968
1365	5958.74	4.08333
1366	5956.07	2.66667
1367	5953.54	2.53333
1368	5950.6	2.93333
1369	5948.04	2.5619
1370	5945.4	2.64444
1371	5941.09	4.31111
1372	5934.49	6.6
1373	5930.51	3.97778
1374	5927.31	3.2
1375	5924.38	2.93333
1376	5920.05	4.32121
1377	5917.52	2.53333
1378	5913.92	3.6
1379	5911.39	2.53333
1380	5908.02	3.36667
1381	5905.15	2.86667
1382	5900.48	4.67778
1383	5897.68	2.8
1384	5893.68	4
1385	5890.79	2.88889
1386	5888.12	2.66667
1387	5885.59	2.53333
1388	5883.06	2.53333
1389	5880.52	2.53333
1390	5877.32	3.2
1391	5873.32	4
1392	5870.77	2.55556
1393	5866.43	4.33333
1394	5863.9	2.53333
1395	5860.68	3.21538
1396	5857.35	3.33333
1397	5854.77	2.58333
1398	5851.93	2.83333
1399	5848.6	3.33333
1400	5845.05	3.5474
1401	5842.51	2.54228
1402	5839.98	2.52564
1403	5835.65	4.33333
1404	5833.13	2.52381
1405	5830.61	2.51515
1406	5828.07	2.53939
1407	5825.56	2.51515
1408	5821.42	4.14103
1409	5818.08	3.33333
1410	5815.58	2.5
1411	5813.08	2.5
1412	5809.75	3.33333
1413	5807.25	2.5
1414	5804.58	2.66667
1415	5802.08	2.5
1416	5799.58	2.5
1417	5797.11	2.47619
1418	5794.63	2.47619
1419	5792.15	2.47619
1420	5789.06	3.09524
1421	5786.59	2.46667
1422	5783.51	3.08312
1423	5780.58	2.92803
1424	5776.93	3.65
1425	5774.48	2.44697
1426	5770.5	3.98205
1427	5767.33	3.16883
1428	5764.5	2.83333
1429	5762.06	2.44444
1430	5759.44	2.61197
1431	5756.95	2.49206
1432	5754.51	2.44444
1433	5752.06	2.44444
1434	5749.63	2.43333
1435	5747.03	2.6
1436	5744.6	2.43333
1437	5741.83	2.7619
1438	5737.5	4.33333
1439	5734.56	2.94444
1440	5730.56	4
1441	5727.73	2.83016
1442	5725.31	2.42125
1443	5722.89	2.42056
1444	5719.57	3.31502
1445	5716.86	2.70626
1446	5713.86	3.00861
1447	5709.13	4.72381
1448	5706.44	2.69048
1449	5704.07	2.37436
1450	5701.7	2.36667
1451	5698.17	3.53357
1452	5695.26	2.90678
1453	5692.03	3.22511
1454	5688.76	3.27273
1455	5686.43	2.33155
1456	5684.11	2.3183
1457	5681.22	2.88824
1458	5678.58	2.64286
1459	5675.87	2.70635
1460	5673.53	2.34394
1461	5670.81	2.72424
1462	5667.56	3.25
1463	5665.11	2.45
1464	5662.45	2.65779
1465	5659.39	3.05556
1466	5657.1	2.29575
1467	5654.64	2.46032
1468	5652.34	2.29192
1469	5650	2.34444
1470	5646.34	3.65905
1471	5643.38	2.96154
1472	5641.02	2.36364
1473	5637.43	3.58582
1474	5635.17	2.26152
1475	5632.7	2.46667
1476	5629.96	2.74286
1477	5625.96	4
1478	5623.71	2.24762
1479	5621.46	2.24762
1480	5618.26	3.2
1481	5616.02	2.24445
1482	5613.79	2.23333
1483	5610.64	3.14266
1484	5608.41	2.22857
1485	5606.19	2.22564
1486	5603.98	2.20962
1487	5601.03	2.95
1488	5596.93	4.1
1489	5594.44	2.48846
1490	5591.21	3.22564
1491	5587.21	4.00261
1492	5584.02	3.19519
1493	5581.76	2.26074
1494	5579.28	2.47619
1495	5575.84	3.43791
1496	5572.65	3.19048
1497	5570.47	2.18294
1498	5567.99	2.48132
1499	5564.48	3.50981
1500	5562.3	2.17582
1501	5560.11	2.19433
1502	5557.94	2.17143
1503	5554.86	3.07692
1504	5552.53	2.33333
1505	5550.36	2.16667
1506	5546.76	3.6
1507	5543.59	3.16667
1508	5540.59	3.00216
1509	5537.92	2.66667
1510	5534.71	3.21818
1511	5532.54	2.16667
1512	5530.37	2.16667
1513	5528.21	2.16667
1514	5526.04	2.16667
1515	5523.37	2.66667
1516	5520.15	3.22222
1517	5517.98	2.16667
1518	5515.72	2.26667
1519	5513.55	2.16667
1520	5511.38	2.16667
1521	5509.22	2.16191
1522	5507.06	2.15873
1523	5504.33	2.7381
1524	5502.17	2.15789
1525	5500.01	2.15709
1526	5497.51	2.5
1527	5494.51	3
1528	5491.4	3.11494
1529	5488.19	3.20613
1530	5485.69	2.5
1531	5483.48	2.20985
1532	5481.32	2.15556
1533	5479.18	2.14706
1534	5476.97	2.20588
1535	5474.83	2.14286
1536	5472.02	2.80952
1537	5469.7	2.31746
1538	5467.57	2.13462
1539	5465.29	2.2718
1540	5463.16	2.13333
1541	5460.76	2.4
1542	5458.63	2.1279
1543	5453.95	4.68421
1544	5451.64	2.31
1545	5446.81	4.83333
1546	5444.55	2.25455
1547	5440.21	4.34503
1548	5436.67	3.53718
1549	5434.12	2.54545
1550	5431.71	2.41414
1551	5429.55	2.16364
1552	5426.93	2.61765
1553	5423.32	3.6098
1554	5420.2	3.11429
1555	5417.1	3.1
1556	5413.8	3.30015
1557	5411.22	2.57949
1558	5408.99	2.23077
1559	5406.88	2.11111
1560	5404.77	2.11111
1561	5402.66	2.11111
1562	5400.55	2.11111
1563	5398.44	2.11111
1564	5396.33	2.11111
1565	5394.21	2.11111
1566	5392.11	2.1
1567	5389.19	2.92857
1568	5387	2.18095
1569	5384	3
1570	5379.4	4.6
1571	5376.97	2.43333
1572	5374.49	2.48095
1573	5371.16	3.33333
1574	5368.73	2.42745
1575	5366.53	2.2
1576	5364.44	2.09231
1577	5362.35	2.08333
1578	5359.35	3
1579	5356.75	2.6
1580	5353.5	3.25
1581	5351.3	2.20455
1582	5349.21	2.08333
1583	5345.21	4
1584	5342.97	2.24242
1585	5340.89	2.08333
1586	5338.56	2.33333
1587	5335.89	2.66667
1588	5332.22	3.66667
1589	5329.22	3
1590	5326.89	2.33333
1591	5324.81	2.08333
1592	5322.73	2.07843
1593	5319.98	2.75
1594	5317.9	2.07778
1595	5315.82	2.07727
1596	5313.71	2.10952
1597	5311.27	2.44356
1598	5309.15	2.11765
1599	5306.98	2.17647
1600	5304.88	2.09524
1601	5302.64	2.23809
1602	5299.33	3.31429
1603	5297.26	2.0719
1604	5295.19	2.06349
1605	5293.13	2.05882
1606	5290.13	3
1607	5287.13	3
1608	5284.71	2.42647
1609	5281.71	3
1610	5278.54	3.16667
1611	5275.41	3.12745
1612	5272.41	3
1613	5268.41	4
1614	5265.75	2.66177
1615	5263.22	2.52941
1616	5261.17	2.05714
1617	5258.83	2.33333
1618	5256.22	2.60952
1619	5253.34	2.88571
1620	5249.17	4.1619
1621	5246.6	2.57143
1622	5244.02	2.58095
1623	5241.33	2.69048
1624	5238.61	2.72381
1625	5235.78	2.8254
1626	5233.64	2.14286
1627	5231.54	2.09524
1628	5228.79	2.75
1629	5226.29	2.5
1630	5219.29	7
1631	5215.52	3.76984
1632	5210.98	4.54444
1633	5208.68	2.3
1634	5206.64	2.04167
1635	5202.64	4
1636	5200.63	2.01111
1637	5198.43	2.19444
1638	5196.43	2
1639	5194.43	2
1640	5191.43	3
1641	5188.77	2.66667
1642	5186.77	2
1643	5183.74	3.02564
1644	5181.74	2
1645	5179.74	2
1646	5177.74	2
1647	5175.24	2.5
1648	5173.24	2
1649	5170.24	3
1650	5168.24	2
1651	5166.14	2.1
1652	5164.14	2
1653	5162.14	2
1654	5160.14	2
1655	5158.14	2
1656	5156.14	2
1657	5153.64	2.5
1658	5151.64	2
1659	5149.37	2.26667
1660	5147.17	2.2
1661	5145.01	2.16883
1662	5142.51	2.5
1663	5140.51	2
1664	5137.51	3
1665	5134.48	3.02381
1666	5131.98	2.5
1667	5129.53	2.44841
1668	5125.53	4
1669	5122.93	2.60635
1670	5120.93	2
1671	5118.93	2
1672	5116.93	2
1673	5114.93	2
1674	5112.93	2
1675	5110.82	2.11111
1676	5108.82	2
1677	5106.82	2
1678	5104.82	2
1679	5102.82	2
1680	5100.82	2
1681	5098.82	2
1682	5096.82	2
1683	5094.82	2
1684	5092.82	2
1685	5090.82	2
1686	5087.82	3
1687	5085.82	2
1688	5083.82	2
1689	5081.82	2
1690	5079.82	2
1691	5077.43	2.38203
1692	5075.09	2.34615
1693	5071.72	3.3718
1694	5069.72	2
1695	5065.76	3.95455
1696	5063.76	2
1697	5061.76	2
1698	5059.76	2
1699	5057.76	2
1700	5055.76	2
1701	5053.76	2
1702	5051.76	2
1703	5049.76	2
1704	5047.76	2
1705	5045.76	2
1706	5043.65	2.11111
1707	5041.32	2.33333
1708	5039.32	2
1709	5037.32	2
1710	5035.32	2
1711	5033.32	2
1712	5031.32	2
1713	5029.32	2
1714	5027.32	2
1715	5025.07	2.25
1716	5023.07	2
1717	5017.07	6
1718	5015.07	2
1719	5012.07	3
1720	5010.07	2
1721	5007.54	2.52941
1722	5005.2	2.33333
1723	5002.17	3.03846
1724	4999.15	3.01282
1725	4996.82	2.33333
1726	4994.62	2.2
1727	4992.49	2.13162
1728	4990.09	2.4
1729	4987.89	2.2
1730	4985.84	2.04487
1731	4983.18	2.66667
1732	4981.08	2.0989
1733	4979.08	2
1734	4977.08	2
1735	4975.08	2
1736	4972.08	3
1737	4970.08	2
1738	4968.08	2
1739	4966.08	2
1740	4964.08	2
1741	4961.58	2.5
1742	4958.91	2.66667
1743	4955.66	3.25
1744	4952.33	3.33333
1745	4949.9	2.42222
1746	4946.04	3.86667
1747	4942.04	4
1748	4940.04	2
1749	4937.99	2.04762
1750	4935.99	2
1751	4933.99	2
1752	4931.99	2
1753	4929.99	2
1754	4927.99	2
1755	4925.99	2
1756	4922.99	3
1757	4920.66	2.33333
1758	4917.66	3
1759	4915.66	2
1760	4913.66	2
1761	4911.66	2
1762	4908.7	2.95238
1763	4906.43	2.26984
1764	4903.87	2.56825
1765	4901.39	2.47619
1766	4898.33	3.05556
1767	4895.46	2.87302
1768	4889.71	5.75
1769	4887.71	2
1770	4883.98	3.73333
1771	4881.98	2
1772	4879.98	2
1773	4877.98	2
1774	4873.98	4
1775	4870.98	3
1776	4868.98	2
1777	4866.98	2
1778	4864.98	2
1779	4861.98	3
1780	4859.98	2
1781	4857.98	2
1782	4855.48	2.5
1783	4852.98	2.5
1784	4850.42	2.55556
1785	4848.24	2.17778
1786	4846.24	2
1787	4843.24	3
1788	4840.24	3
1789	4838.24	2
1790	4836.14	2.1
1791	4833.65	2.49048
1792	4830.68	2.97778
1793	4827.68	3
1794	4825.7	1.97273
1795	4823.73	1.97003
1796	4820.11	3.61818
1797	4817.91	2.2
1798	4815.95	1.96667
1799	4812.95	3
1800	4810.98	1.96429
1801	4809.03	1.95556
1802	4807.03	2
1803	4805.08	1.95
1804	4802.79	2.28929
1805	4800.46	2.325
1806	4795.49	4.97121
1807	4793.39	2.1
1808	4791.08	2.31389
1809	4789.01	2.06667
1810	4786.01	3
1811	4783.01	3
1812	4781.06	1.95
1813	4778.8	2.25833
1814	4775.8	3
1815	4772.53	3.27273
1816	4769.48	3.04545
1817	4767.51	1.9697
1818	4764.55	2.96104
1819	4762.28	2.27778
1820	4760.07	2.20606
1821	4758.14	1.93333
1822	4755.14	3
1823	4753.2	1.93333
1824	4751.27	1.93333
1825	4749.34	1.93333
1826	4747.2	2.13333
1827	4745.27	1.93333
1828	4741.6	3.66667
1829	4739.59	2.01282
1830	4737.5	2.08718
1831	4735.57	1.93333
1832	4733.57	2
1833	4728.07	5.5
1834	4726.14	1.92857
1835	4723.6	2.54545
1836	4721.67	1.92491
1837	4719.75	1.92381
1838	4716.75	3
1839	4714.71	2.03636
1840	4712.71	2
1841	4710.81	1.89744
1842	4708.42	2.39474
1843	4705.56	2.85714
1844	4701.56	4
1845	4699.59	1.97619
1846	4697.59	2
1847	4693.75	3.83333
1848	4691.33	2.42857
1849	4689.44	1.88889
1850	4687.55	1.88571
1851	4685.47	2.08095
1852	4682.24	3.23333
1853	4678.57	3.66667
1854	4676.17	2.4
1855	4672.12	4.05476
1856	4668.12	3.99683
1857	4665.79	2.33333
1858	4663.55	2.2381
1859	4661.68	1.86667
1860	4659.55	2.13333
1861	4656.51	3.03333
1862	4654.15	2.36667
1863	4652.05	2.09545
1864	4649.8	2.24762
1865	4646.8	3
1866	4644.52	2.28571
1867	4642.4	2.11389
1868	4640.5	1.90389
1869	4638.25	2.24762
1870	4636.19	2.06667
1871	4634.19	2
1872	4632.19	2
1873	4630.21	1.97778
1874	4628.1	2.11111
1875	4626.04	2.05556
1876	4624	2.04615
1877	4621.04	2.96032
1878	4619.16	1.87218
1879	4617.24	1.92659
1880	4614.54	2.69231
1881	4612.57	1.97368
1882	4608.79	3.77778
1883	4605.57	3.22588
1884	4603.07	2.5
1885	4601.2	1.86667
1886	4599.02	2.18333
1887	4596.68	2.33333
1888	4594.35	2.33333
1889	4591.68	2.66667
1890	4588.68	3
1891	4586.68	2
1892	4584.68	2
1893	4580.79	3.88889
1894	4578.46	2.33333
1895	4575.83	2.62778
1896	4573.33	2.5
1897	4571.47	1.86667
1898	4568.47	3
1899	4565.82	2.64706
1900	4563.2	2.62185
1901	4560.05	3.14286
1902	4556.74	3.31093
1903	4553.14	3.5989
1904	4550.95	2.19048
1905	4548.99	1.96825
1906	4546.96	2.02619
1907	4544.88	2.07937
1908	4543.04	1.84211
1909	4540.09	2.94737
1910	4538.26	1.83333
1911	4536.42	1.83333
1912	4534.26	2.16667
1913	4532.42	1.83333
1914	4530.59	1.83333
1915	4528.26	2.33333
1916	4526.42	1.83333
1917	4524.42	2
1918	4522.59	1.83333
1919	4520.76	1.83333
1920	4518.31	2.44444
1921	4515.31	3
1922	4512.64	2.66667
1923	4510.64	2
1924	4508.31	2.33333
1925	4505.98	2.33333
1926	4501.98	4
1927	4499.81	2.16667
1928	4497.19	2.62281
1929	4495.19	2
1930	4493.19	2
1931	4491.35	1.83333
1932	4489.52	1.83333
1933	4487.7	1.8254
1934	4485.87	1.8254
1935	4483.98	1.88889
1936	4482.16	1.81861
1937	4478.82	3.34682
1938	4476.82	2
1939	4474.18	2.63333
1940	4472.06	2.12064
1941	4470.09	1.9697
1942	4467.59	2.5
1943	4465.72	1.87143
1944	4463.89	1.83333
1945	4460.27	3.61616
1946	4458.45	1.81818
1947	4456.63	1.81818
1948	4454.13	2.5
1949	4452.28	1.85
1950	4449.28	3
1951	4447.33	1.95
1952	4445.31	2.02381
1953	4443.17	2.14286
1954	4441.3	1.86905
1955	4438.82	2.47619
1956	4436.58	2.2381
1957	4433.77	2.80952
1958	4430.85	2.92063
1959	4428.71	2.14286
1960	4425.91	2.80256
1961	4423.91	2
1962	4421.97	1.94286
1963	4419.77	2.2
1964	4417.97	1.8
1965	4414.67	3.3
1966	4412.55	2.11818
1967	4410.35	2.2
1968	4407.75	2.6
1969	4404.95	2.8
1970	4403.15	1.8
1971	4401.35	1.8
1972	4399.15	2.2
1973	4397.35	1.8
1974	4395.35	2
1975	4393.15	2.2
1976	4391.35	1.8
1977	4389.55	1.79365
1978	4387.76	1.78947
1979	4385.99	1.77778
1980	4383.05	2.93333
1981	4380.92	2.13333
1982	4379.14	1.77778
1983	4377.37	1.76923
1984	4375.61	1.7619
1985	4373.86	1.75
1986	4372.11	1.75
1987	4370.36	1.75
1988	4367.3	3.06373
1989	4364.05	3.25
1990	4360.05	4
1991	4357.9	2.14566
1992	4354.5	3.40556
1993	4351.64	2.86111
1994	4348.86	2.77778
1995	4346.86	2
1996	4345.11	1.74603
1997	4342.86	2.25397
1998	4340.93	1.92857
1999	4338.88	2.05263
2000	4337.13	1.74286
2001	4335.36	1.77778
2002	4333.36	2
2003	4331.62	1.73333
2004	4329.49	2.13333
2005	4326.49	3
2006	4324.76	1.72727
2007	4322.94	1.81818
2008	4319.94	3
2009	4318.22	1.725
2010	4315.22	3
2011	4313.37	1.85
2012	4310.37	3
2013	4308.56	1.80357
2014	4305.56	3
2015	4303.84	1.72222
2016	4302.09	1.75
2017	4300.38	1.71429
2018	4298.38	2
2019	4295.07	3.30739
2020	4293.36	1.71429
2021	4291.43	1.92308
2022	4286.88	4.55556
2023	4285.16	1.71429
2024	4283.45	1.71429
2025	4280.07	3.38095
2026	4278.09	1.97424
2027	4274.33	3.75974
2028	4272.33	2.00454
2029	4269.33	2.99706
2030	4266.17	3.16667
2031	4263.84	2.33007
2032	4260.99	2.84615
2033	4258.74	2.24921
2034	4255.55	3.19112
2035	4252.27	3.27875
2036	4250.1	2.1697
2037	4247.37	2.73333
2038	4244.4	2.96471
2039	4242.65	1.75238
2040	4240.9	1.75
2041	4238.98	1.91895
2042	4237.28	1.70256
2043	4233.98	3.30303
2044	4231.61	2.36667
2045	4229.58	2.03333
2046	4227.96	1.61667
2047	4226.34	1.61667
2048	4223.33	3.00853
2049	4220.67	2.66667
2050	4219.1	1.57164
2051	4217.2	1.90043
2052	4215.3	1.89474
2053	4213.3	2
2054	4211.63	1.66667
2055	4209.97	1.66667
2056	4208.07	1.89474
2057	4205.25	2.82448
2058	4203.58	1.66667
2059	4201.69	1.88889
2060	4200.03	1.66667
2061	4198.47	1.55556
2062	4196.36	2.11111
2063	4193.47	2.88889
2064	4191.8	1.66667
2065	4189.76	2.04575
2066	4186.27	3.48889
2067	4184.55	1.71569
2068	4181.67	2.88571
2069	4180.13	1.54167
2070	4177.13	3
2071	4175.29	1.83333
2072	4173.46	1.83333
2073	4171.31	2.14881
2074	4169.06	2.25
2075	4167.06	2
2076	4165.39	1.66667
2077	4162.73	2.66667
2078	4161.16	1.57143
2079	4159.62	1.5366
2080	4158.1	1.52381
2081	4156.57	1.52381
2082	4154.91	1.66667
2083	4153.38	1.52381
2084	4151.53	1.85
2085	4148.96	2.56667
2086	4146.63	2.33333
2087	4144.15	2.48252
2088	4142.37	1.78333
2089	4140.37	2
2090	4138.37	2
2091	4136.2	2.16667
2092	4134.7	1.50125
2093	4133.2	1.5
2094	4131.03	2.16667
2095	4128.36	2.66667
2096	4126.7	1.66667
2097	4125.2	1.5
2098	4122.7	2.5
2099	4120.36	2.33333
2100	4118.53	1.83333
2101	4116.9	1.63333
2102	4115.4	1.5
2103	4112.4	3
2104	4109.73	2.66667
2105	4105.08	4.65079
2106	4102.91	2.16667
2107	4100.08	2.83333
2108	4097.26	2.8254
2109	4095.59	1.66667
2110	4094.01	1.57778
2111	4091.21	2.8
2112	4089.34	1.86667
2113	4087.46	1.88571
2114	4085.79	1.66667
2115	4083.99	1.8
2116	4080.66	3.33333
2117	4077.66	3
2118	4075.79	1.86667
2119	4072.86	2.93333
2120	4069.86	3
2121	4067.59	2.26667
2122	4066.12	1.46667
2123	4064.26	1.86667
2124	4061.66	2.6
2125	4059.36	2.29426
2126	4057.91	1.45714
2127	4054.46	3.44286
2128	4051.33	3.13333
2129	4049.88	1.45455
2130	4048.42	1.45152
2131	4046.98	1.44286
2132	4045.37	1.61319
2133	4043.53	1.83709
2134	4041.73	1.8
2135	4040.22	1.51012
2136	4038.61	1.61111
2137	4037	1.60714
2138	4035.4	1.6
2139	4032.63	2.77346
2140	4029.87	2.7619
2141	4028.27	1.6
2142	4025.8	2.46429
2143	4024.45	1.35
2144	4022.72	1.73333
2145	4020.99	1.73333
2146	4019.46	1.52727
2147	4017.74	1.71429
2148	4015.54	2.20784
2149	4014.22	1.31429
2150	4011.62	2.6
2151	4009.62	2
2152	4008.31	1.31429
2153	4007	1.31169
2154	4004.41	2.58333
2155	4003.12	1.29004
2156	4001.15	1.97222
2157	3999.42	1.72738
2158	3997.6	1.8254
2159	3995.52	2.07619
2160	3994.21	1.3127
2161	3991.21	3
2162	3989.93	1.28254
2163	3988.37	1.55714
2164	3987.1	1.27143
2165	3985.84	1.26032
2166	3984.51	1.32778
2167	3983.11	1.4
2168	3981.56	1.54902
2169	3980.36	1.2
2170	3979.16	1.2
2171	3977.96	1.2
2172	3976.36	1.6
2173	3973.83	2.53333
2174	3972.64	1.19231
2175	3969.72	2.91667
2176	3968.2	1.52308
2177	3967.01	1.18095
2178	3964.48	2.53333
2179	3961.7	2.77778
2180	3958.44	3.26667
2181	3956.6	1.83333
2182	3954.94	1.66667
2183	3953.77	1.16667
2184	3951.35	2.41667
2185	3949.52	1.83333
2186	3947.52	2
2187	3944.52	3
2188	3942.19	2.33333
2189	3938.52	3.66667
2190	3937.35	1.16667
2191	3935.44	1.91667
2192	3933.57	1.86667
2193	3931.15	2.41667
2194	3929.19	1.96667
2195	3927.52	1.66667
2196	3926.35	1.16667
2197	3924.82	1.53333
2198	3923.65	1.16667
2199	3922.49	1.16667
2200	3921.07	1.41667
2201	3919.4	1.66667
2202	3917.49	1.91667
2203	3916.32	1.16667
2204	3915.15	1.16667
2205	3913.82	1.33333
2206	3911.35	2.46667
2207	3909.29	2.06667
2208	3906.63	2.65714
2209	3905	1.63333
2210	3902.2	2.8
2211	3899.8	2.4
2212	3896.4	3.4
2213	3895.24	1.15455
2214	3893.89	1.35065
2215	3892.43	1.45815
2216	3891.13	1.30225
2217	3888.23	2.89899
2218	3886.51	1.72222
2219	3885.37	1.14253
2220	3884.15	1.21795
2221	3881.98	2.1718
2222	3880.33	1.64286
2223	3878.83	1.5
2224	3876.94	1.89444
2225	3874.46	2.48322
2226	3872.58	1.87273
2227	3870.75	1.82955
2228	3868.25	2.5
2229	3866.75	1.5
2230	3865.25	1.5
2231	3863.75	1.5
2232	3862.33	1.425
2233	3860.28	2.04615
2234	3858.21	2.07647
2235	3855.43	2.77922
2236	3853.79	1.63333
2237	3851.17	2.61905
2238	3848.57	2.6
2239	3845.52	3.05556
2240	3844.03	1.48333
2241	3841.31	2.72222
2242	3839.91	1.4
2243	3838.39	1.52222
2244	3837.29	1.1
2245	3836.07	1.22222
2246	3834.85	1.21429
2247	3833.69	1.16667
2248	3831.65	2.03333
2249	3830.5	1.15686
2250	3829.25	1.24444
2251	3826.42	2.83283
2252	3823.76	2.66263
2253	3821.62	2.13333
2254	3820.41	1.21368
2255	3819.22	1.18974
2256	3816.79	2.42857
2257	3815.08	1.71429
2258	3813.31	1.76667
2259	3810.81	2.5
2260	3809.71	1.1
2261	3808.11	1.6
2262	3805.51	2.6
2263	3802.95	2.56562
2264	3801.26	1.68583
2265	3797.52	3.73937
2266	3795.26	2.25958
2267	3793.12	2.1417
2268	3789.36	3.76316
2269	3788.25	1.10709
2270	3783.26	4.98643
2271	3780.34	2.91979
2272	3776.73	3.61141
2273	3773.3	3.42857
2274	3767.65	5.65266
2275	3765.8	1.84853
2276	3761.9	3.89661
2277	3760.63	1.27606
2278	3757.74	2.88889
2279	3755.18	2.55556
2280	3752.63	2.55556
2281	3751.66	0.971429
2282	3749.9	1.75877
2283	3747.5	2.39683
2284	3743.87	3.63077
2285	3742.1	1.77237
2286	3739.57	2.52381
2287	3736.34	3.23175
2288	3733.94	2.40635
2289	3732.81	1.12208
2290	3731.84	0.978572
2291	3730.92	0.916667
2292	3728.92	2
2293	3725.92	3
2294	3724.01	1.91026
2295	3722.18	1.82792
2296	3720.68	1.5
2297	3717.85	2.83333
2298	3716.79	1.0614
2299	3715.79	1
2300	3714.01	1.77778
2301	3712.51	1.5
2302	3709.51	3
2303	3707.51	2
2304	3705.84	1.66667
2305	3703.16	2.67949
2306	3700.66	2.5
2307	3699.26	1.4
2308	3696.76	2.5
2309	3695.43	1.33333
2310	3694.53	0.9
2311	3693.46	1.06667
2312	3692.4	1.06667
2313	3690	2.4
2314	3689.1	0.9
2315	3688.2	0.9
2316	3686.9	1.3
2317	3684.5	2.4
2318	3680.92	3.57237
2319	3679.02	1.9
2320	3678.14	0.884616
2321	3677.04	1.1
2322	3675.54	1.5
2323	3674.65	0.884616
2324	3672.49	2.16667
2325	3671.61	0.875
2326	3670.74	0.868421
2327	3669.89	0.857143
2328	3669.05	0.833334
2329	3667.07	1.98485
2330	3665.6	1.46667
2331	3664.84	0.766667
2332	3664.08	0.757576
2333	3662.46	1.62145
2334	3661.72	0.733334
2335	3660.89	0.833333
2336	3660.16	0.733333
2337	3658.62	1.53333
2338	3657.55	1.07576
2339	3656.28	1.26667
2340	3655.55	0.733333
2341	3654.81	0.733333
2342	3654.1	0.717949
2343	3652.43	1.66667
2344	3651.1	1.33333
2345	3648.69	2.41111
2346	3644.58	4.10175
2347	3641.78	2.8
2348	3640.83	0.958333
2349	3640.02	0.807018
2350	3639.11	0.912281
2351	3637.92	1.18421
2352	3635.62	2.3
2353	3633.83	1.78947
2354	3631.54	2.29091
2355	3630.31	1.22807
2356	3628.18	2.13333
2357	3627.27	0.904762
2358	3626.33	0.942857
2359	3625.38	0.952381
2360	3623.02	2.36364
2361	3622.33	0.690476
2362	3621.36	0.964912
2363	3620.51	0.855556
2364	3619.83	0.67619
2365	3618.2	1.62857
2366	3615.92	2.28485
2367	3614.78	1.13095
2368	3611.96	2.82222
2369	3609.72	2.24314
2370	3608.34	1.37647
2371	3607.34	1.00238
2372	3606.47	0.871795
2373	3605.47	1
2374	3604.47	1
2375	3603.58	0.888889
2376	3601.91	1.66667
2377	3600.31	1.6
2378	3597.81	2.5
2379	3596.48	1.33333
2380	3595.48	1
2381	3594.75	0.733334
2382	3593.75	1
2383	3592.41	1.33333
2384	3591.08	1.33333
2385	3590.15	0.933334
2386	3588.88	1.26447
2387	3587.14	1.74359
2388	3586.17	0.966667
2389	3584.88	1.28874
2390	3583.89	0.993939
2391	3582.59	1.3
2392	3581.56	1.03208
2393	3579.86	1.69524
2394	3579.22	0.637344
2395	3576.67	2.55556
2396	3575.84	0.828321
2397	3574.17	1.66667
2398	3572.79	1.38095
2399	3570.46	2.33333
2400	3569.85	0.611111
2401	3568.75	1.1
2402	3567.83	0.916667
2403	3566.92	0.91282
2404	3566.34	0.576923
2405	3564.06	2.27778
2406	3561.66	2.40476
2407	3560.86	0.796027
2408	3560.28	0.579365
2409	3558.84	1.44444
2410	3557.36	1.47619
2411	3555.36	2
2412	3552.96	2.4
2413	3551.07	1.88889
2414	3549.96	1.11111
2415	3548.74	1.22222
2416	3548.21	0.533333
2417	3547.67	0.533333
2418	3546.67	1
2419	3545.34	1.33333
2420	3544.74	0.6
2421	3544.21	0.533333
2422	3543.01	1.2
2423	3542.47	0.533333
2424	3539.98	2.49412
2425	3538.07	1.91177
2426	3537.34	0.729412
2427	3535.14	2.2
2428	3534.29	0.84706
2429	3533.6	0.690476
2430	3532.96	0.642857
2431	3532.03	0.928571
2432	3530.98	1.04762
2433	3528.44	2.54545
2434	3527.78	0.660606
2435	3527.24	0.539683
2436	3526.75	0.485715
2437	3525.58	1.16667
2438	3523.8	1.78571
2439	3522.82	0.980159
2440	3521.79	1.02381
2441	3521.03	0.766667
2442	3520.37	0.653968
2443	3518.77	1.60387
2444	3518.35	0.416667
2445	3517.94	0.416667
2446	3517.35	0.583333
2447	3515.44	1.91667
2448	3514.77	0.668338
2449	3514.15	0.619048
2450	3512.95	1.2
2451	3511.76	1.19048
2452	3510.75	1.00952
2453	3508.77	1.97619
2454	3507.61	1.16667
2455	3506.42	1.18485
2456	3504.25	2.1697
2457	3503.08	1.16667
2458	3501.93	1.15873
2459	3501.54	0.39021
2460	3501.15	0.38718
2461	3500.78	0.365079
2462	3500.42	0.365079
2463	3500.06	0.355555
2464	3499.73	0.333333
2465	3499.22	0.513636
2466	3498.92	0.3
2467	3497.38	1.53333
2468	3493.78	3.6
2469	3492.28	1.5
2470	3491.85	0.42972
2471	3491.61	0.24359
2472	3491.21	0.397436
2473	3490.66	0.551282
2474	3489.9	0.763462
2475	3489.67	0.224942
2476	3487.93	1.7381
2477	3487.35	0.579365
2478	3486.12	1.23333
2479	3484.95	1.16667
2480	3482.62	2.33333
2481	3480.55	2.07143
2482	3476.69	3.85714
2483	3475.94	0.75641
2484	3475.72	0.212937
2485	3474.34	1.38528
2486	3474.08	0.253205
2487	3472.53	1.55556
2488	3470.42	2.11111
2489	3469.36	1.05714
2490	3467.31	2.05
2491	3465.26	2.04762
2492	3462.34	2.92308
2493	3461.88	0.461905
2494	3461.58	0.3
2495	3459.71	1.86667
2496	3459.28	0.433334
2497	3457.1	2.17716
2498	3456.32	0.777778
2499	3456.22	0.1
2500	3456.13	0.0909095
2501	3455.46	0.672727
2502	3453.55	1.91111
2503	3453.06	0.487879
2504	3452.89	0.166667
2505	3452.56	0.333333
2506	3450.37	2.19048
2507	3449.43	0.939394
2508	3448.81	0.624176
2509	3447.89	0.916667
2510	3445.94	1.95238
2511	3445.87	0.0666668
2512	3445.8	0.0666666
2513	3443.67	2.13333
2514	3443.26	0.408425
2515	3442.74	0.518182
2516	3442.54	0.2
2517	3442.54	2.38419e-07
2518	3440.54	2
2519	3439.54	1
2520	3439.54	2.38419e-07
2521	3437.54	2
2522	3436.54	1
2523	3436.54	1.19209e-07
2524	3436.21	0.333333
2525	3435.54	0.666667
2526	3435.21	0.333333
2527	3434.46	0.75
2528	3434.46	1.19209e-07
2529	3433.06	1.4
2530	3431.1	1.9619
2531	3429.03	2.07273
2532	3427.53	1.5
2533	3427.53	1.19209e-07
2534	3425.25	2.28059
2535	3424.95	0.295205
2536	3423.48	1.46667
2537	3423.48	1.19209e-07
2538	3423.48	1.19209e-07
2539	3422.48	1
2540	3421.98	0.5
2541	3420.25	1.73333
2542	3419.1	1.14762
2543	3417.1	2
2544	3416.1	1
2545	3414.77	1.33333
2546	3413.34	1.42857
2547	3412.54	0.8
2548	3411.54	1
2549	3411.04	0.5
2550	3409.21	1.83333
2551	3406.71	2.5
2552	3406.41	0.297619
2553	3406.41	0
2554	3403.41	3
2555	3403.41	0
2556	3402.41	1
2557	3400.69	1.71795
2558	3400.5	0.192308
2559	3399.47	1.02778
2560	3397.97	1.5
2561	3397.46	0.515873
2562	3397.41	0.047009
2563	3396.52	0.888889
2564	3396.12	0.4
2565	3396.12	0
2566	3396.12	0
2567	3394.12	2
2568	3394.12	0
2569	3394.12	0
2570	3393.12	1
2571	3393.12	0
2572	3391.12	2
2573	3391.12	0
2574	3389.12	2
2575	3388.62	0.5
2576	3388.62	0
2577	3388.62	0
2578	3388.62	0
2579	3386.62	2
2580	3385.62	1
2581	3383.91	1.71429
2582	3382.66	1.25
2583	3381.85	0.807692
2584	3381.15	0.7
2585	3380.82	0.327273
2586	3380.82	0
2587	3380.82	0
2588	3379.55	1.26667
2589	3379.22	0.333334
2590	3378.22	1
2591	3376.89	1.33333
2592	3376.89	0
2593	3376.89	0
2594	3375.14	1.75
2595	3373.8	1.33333
2596	3371.8	2
2597	3369.64	2.16667
2598	3369.64	0
2599	3369.64	0
2600	3369.64	0
2601	3369.64	0
2602	3369.64	0
2603	3367.64	2
2604	3365.64	2
2605	3362.64	3
2606	3362.64	0
2607	3361.64	1
2608	3360.8	0.833333
2609	3359.14	1.66667
2610	3358.64	0.5
2611	3358.21	0.428572
2612	3357.83	0.380953
2613	3357.83	0
2614	3355.83	2
2615	3354.83	1
2616	3354.83	0
2617	3354.83	0
2618	3353.33	1.5
2619	3351.33	2
2620	3349.33	2
2621	3347.33	2
2622	3345.83	1.5
2623	3345.11	0.714286
2624	3343.05	2.06667
2625	3339.05	4
2626	3339.05	0
2627	3338.18	0.866667
2628	3337.65	0.533333
2629	3337.45	0.2
2630	3337.45	0
2631	3337.11	0.333333
2632	3336.65	0.466667
2633	3336.65	0
2634	3335.65	1
2635	3335.65	0
2636	3335.31	0.333333
2637	3333.48	1.83333
2638	3331.48	2
2639	3329.15	2.33333
2640	3328.15	1
2641	3326.36	1.78571
2642	3324.79	1.57143
2643	3322.93	1.85714
2644	3322.12	0.809524
2645	3322.12	0
2646	3322.12	0
2647	3321.62	0.5
2648	3320.62	1
2649	3320.62	0
2650	3320.46	0.166667
2651	3319.62	0.833333
2652	3319.12	0.5
2653	3319.12	0
2654	3318.12	1
2655	3316.77	1.35714
2656	3315.77	1
2657	3315.77	0
2658	3314.77	1
2659	3314.31	0.454545
2660	3314.31	0
2661	3314.31	0
2662	3314.31	0
2663	3314.31	0
2664	3314.31	0
2665	3313.98	0.333333
2666	3311.98	2
2667	3311.98	0
2668	3310.51	1.46667
2669	3310.51	0
2670	3310.51	0
2671	3309.51	1
2672	3309.51	0
2673	3309.51	0
2674	3309.51	0
2675	3308.76	0.757575
2676	3307.76	1
2677	3305.76	2
2678	3304.76	1
2679	3304.42	0.333333
2680	3303.42	1
2681	3303.42	0
2682	3303.42	0
2683	3303.42	0
2684	3303.42	0
2685	3303.42	0
2686	3303.14	0.285714
2687	3303.14	0
2688	3302.8	0.333333
2689	3300.8	2
2690	3300.8	0
2691	3298.6	2.2
2692	3298.6	0
2693	3297.7	0.904762
2694	3297.7	0
2695	3297.7	0
2696	3297.2	0.5
2697	3296.2	1
2698	3296.2	0
2699	3296.2	0
2700	3296.2	0
2701	3296.2	0
2702	3295.53	0.666667
2703	3295.4	0.133333
2704	3294.66	0.733333
2705	3294.2	0.466667
2706	3291	3.2
2707	3291	0
2708	3289.08	1.91667
2709	3287.23	1.85
2710	3282.65	4.58333
2711	3279.98	2.66667
2712	3279.98	0
2713	3278.98	1
2714	3278.48	0.5
2715	3277.48	1
2716	3276.98	0.5
2717	3276.48	0.5
2718	3274.78	1.7
2719	3271.78	3
2720	3271.78	0
2721	3271.78	0
2722	3271.78	0
2723	3270.78	1
2724	3269.78	1
2725	3269.78	0
2726	3269.45	0.333333
2727	3269.45	0
2728	3269.45	0
2729	3267.95	1.5
2730	3265.95	2
2731	3265.95	0
2732	3264.95	1
2733	3262.95	2
2734	3262.95	0
2735	3262.95	0
2736	3262.95	0
2737	3262.95	0
2738	3262.45	0.5
2739	3260.95	1.5
2740	3260.95	0
2741	3260.95	0
2742	3259.95	1
2743	3259.95	0
2744	3258.95	1
2745	3258.95	0
2746	3258.95	0
2747	3258.54	0.410256
2748	3258.54	0
2749	3257.54	1
2750	3257.54	0
2751	3257.54	0
2752	3256.14	1.4
2753	3256.14	0
2754	3255.34	0.8
2755	3255.34	0
2756	3255.34	0
2757	3255.34	0
2758	3253.67	1.66667
2759	3252.67	1
2760	3252.67	0
2761	3251.87	0.8
2762	3250.07	1.8
2763	3249.07	1
2764	3249.07	0
2765	3247.4	1.66667
2766	3247.4	1.19209e-07
2767	3247.4	0
2768	3246.4	1
2769	3246.2	0.2
2770	3245.6	0.6
2771	3242.08	3.525
2772	3240.08	2
2773	3239.48	0.6
2774	3237.23	2.25
2775	3234.9	2.33333
2776	3234.9	0
2777	3234.73	0.166667
2778	3234.65	0.0833334
2779	3233.65	1
2780	3233.65	0
2781	3233.65	0
2782	3232.65	1
2783	3232.65	0
2784	3232.65	0
2785	3231.65	1
2786	3231.65	0
2787	3230.65	1
2788	3230.48	0.166667
2789	3229.48	1
2790	3229.48	0
2791	3229.15	0.333333
2792	3228.75	0.4
2793	3227.85	0.9
2794	3227.15	0.700001
2795	3227.15	0
2796	3227.15	0
2797	3226.81	0.333333
2798	3226.81	0
2799	3226.81	0
2800	3226.08	0.733333
2801	3226.08	0
2802	3226.08	0
2803	3225.08	1
2804	3224.35	0.733333
2805	3224.35	0
2806	3224.35	0
2807	3223.35	1
2808	3222.18	1.16667
2809	3222.18	0
2810	3222.18	1.19209e-07
2811	3221.18	1
2812	3220.18	1
2813	3218.68	1.5
2814	3218.68	0
2815	3218.68	0
2816	3216.7	1.97802
2817	3216.3	0.401865
2818	3216.3	0
2819	3214.1	2.2
2820	3213.4	0.7
2821	3210.8	2.6
2822	3210.8	0
2823	3210.8	0
2824	3210.7	0.0952382
2825	3210.7	0
2826	3210.7	0
2827	3209.95	0.75
2828	3209.95	0
2829	3209.95	0
2830	3209.95	0
2831	3209.95	0
2832	3209.95	0
2833	3209.95	0
2834	3209.95	0
2835	3208.95	1
2836	3208.95	0
2837	3208.75	0.208333
2838	3207.35	1.4
2839	3207.35	0
2840	3207.35	0
2841	3207.01	0.333333
2842	3206.54	0.476191
2843	3205.95	0.583333
2844	3204.95	1
2845	3204.45	0.5
2846	3202.86	1.59524
2847	3202.19	0.666667
2848	3201.75	0.444443
2849	3200.75	1
2850	3199.54	1.20707
2851	3197.39	2.15
2852	3197.39	0
2853	3197.39	0
2854	3197.06	0.333333
2855	3195.06	2
2856	3194.9	0.154545
2857	3194.9	0
2858	3194.9	0
2859	3194.9	0
2860	3194.9	0
2861	3194.9	0
2862	3194.08	0.822222
2863	3191.3	2.77778
2864	3190.79	0.515152
2865	3189.79	1
2866	3188.79	1
2867	3188.79	0
2868	3188.79	0
2869	3187.95	0.833333
2870	3187.95	0
2871	3187.95	0
2872	3186.95	1
2873	3186.95	0
2874	3186.59	0.366667
2875	3185.24	1.34444
2876	3183.91	1.33333
2877	3181.11	2.8
2878	3180.71	0.4
2879	3179.71	1
2880	3178.71	1
2881	3178.71	0
2882	3178.71	0
2883	3176.71	2
2884	3176.71	0
2885	3176.71	0
2886	3175.83	0.875
2887	3174.5	1.33333
2888	3174.2	0.3
2889	3172.8	1.4
2890	3172.8	0
2891	3172.8	0
2892	3172.8	0
2893	3172.8	0
2894	3172.8	0
2895	3172.8	0
2896	3172.8	0
2897	3172.8	0
2898	3172.8	0
2899	3172.8	-5.96046e-08
2900	3172.8	0
2901	3172.8	-1.19209e-07
2902	3172.8	-1.19209e-07
2903	3172.8	-1.19209e-07
2904	3172.8	-2.38419e-07
2905	3172	0.805556
2906	3171.7	0.3
2907	3171.7	-4.76837e-07
2908	3171.74	-0.047619
2909	3171.83	-0.083333
2910	3171.66	0.166667
2911	3170.33	1.33333
2912	3168.12	2.20274
2913	3168.21	-0.0833333
2914	3168.31	-0.1
2915	3167.53	0.777778
2916	3166.97	0.555556
2917	3163.64	3.33333
2918	3162.51	1.13333
2919	3161.64	0.866667
2920	3159.84	1.8
2921	3159.84	2.38419e-07
2922	3159.84	0
2923	3158.84	1
2924	3158.84	0
2925	3158.84	0
2926	3158.17	0.666667
2927	3158.17	0
2928	3157.07	1.1
2929	3157.07	0
2930	3157.07	0
2931	3157.07	0
2932	3155.67	1.4
2933	3155.21	0.466667
2934	3155.1	0.111111
2935	3154.95	0.141667
2936	3154	0.957517
2937	3154.04	-0.0392156
2938	3153.67	0.364036
2939	3153.82	-0.142857
2940	3153.75	0.0640692
2941	3152.75	1
2942	3152.75	-1.19209e-07
2943	3152.92	-0.166667
2944	3153.08	-0.166667
2945	3151.7	1.38889
2946	3150.86	0.833333
2947	3151.07	-0.211111
2948	3150.27	0.8
2949	3149.53	0.745455
2950	3149.63	-0.0999997
2951	3149.4	0.233332
2952	3148.25	1.14444
2953	3147.32	0.933333
2954	3146.03	1.28571
2955	3146.32	-0.288889
2956	3146.37	-0.051282
2957	3146.36	0.0158728
2958	3146.58	-0.224599
2959	3146.88	-0.295238
2960	3147.19	-0.316667
2961	3145.91	1.28205
2962	3144.9	1.0127
2963	3142.97	1.9324
2964	3141.24	1.7265
2965	3141.51	-0.27381
2966	3140.18	1.33333
2967	3140.18	0
2968	3140.49	-0.311111
2969	3138.95	1.53968
2970	3138.33	0.624542
2971	3137.94	0.384616
2972	3137.54	0.4
2973	3137.35	0.192308
2974	3136.28	1.06667
2975	3135.45	0.833333
2976	3133.63	1.81818
2977	3133.63	0
2978	3132.73	0.899999
2979	3131.33	1.4
2980	3131	0.333333
2981	3129.1	1.9
2982	3128.95	0.149999
2983	3127.57	1.3824
2984	3125.93	1.6381
2985	3125.24	0.684848
2986	3124.97	0.277778
2987	3125.25	-0.282051
2988	3125.53	-0.285714
2989	3125.83	-0.3
2990	3125.68	0.15
2991	3124.85	0.833333
2992	3124.86	-0.011966
2993	3124.78	0.0846158
2994	3123.22	1.55909
2995	3123.2	0.0146518
2996	3123.34	-0.133333
2997	3122.34	1
2998	3120.34	2
2999	3119.28	1.05556
3000	3119.71	-0.433333
3001	3120.19	-0.471428
3002	3119.77	0.416667
3003	3119.91	-0.142857
3004	3118.54	1.36752
3005	3118.69	-0.142857
3006	3118.35	0.333333
3007	3118.84	-0.483333
3008	3117.46	1.38095
3009	3117.96	-0.5
3010	3117.79	0.166667
3011	3117.51	0.277778
3012	3118.04	-0.523809
3013	3118.46	-0.428572
3014	3116.99	1.47619
3015	3113.7	3.28571
3016	3113.83	-0.125
3017	3114.29	-0.466667
3018	3113.44	0.852381
3019	3113.62	-0.17599
3020	3113.95	-0.333333
3021	3113.77	0.179488
3022	3111.93	1.84615
3023	3112.46	-0.533333
3024	3112.99	-0.533333
3025	3113.54	-0.54386
3026	3111.87	1.66667
3027	3110.45	1.41645
3028	3111.01	-0.555556
3029	3111.57	-0.564103
3030	3110.57	1
3031	3110.62	-0.0428571
3032	3110.95	-0.333334
3033	3111.19	-0.238095
3034	3110.43	0.757142
3035	3110.62	-0.190477
3036	3109.79	0.833333
3037	3110.12	-0.333333
3038	3110.7	-0.583333
3039	3111.29	-0.583333
3040	3110.13	1.15714
3041	3108.17	1.9596
3042	3108.58	-0.414141
3043	3107.42	1.16667
3044	3107.82	-0.39899
3045	3108.15	-0.333333
3046	3107.64	0.506349
3047	3105.96	1.68571
3048	3104.7	1.2619
3049	3102.38	2.31136
3050	3102.46	-0.0727272
3051	3102.76	-0.3
3052	3103.16	-0.4
3053	3099.98	3.17778
3054	3100.4	-0.425036
3055	3101.05	-0.649206
3056	3101.7	-0.65
3057	3102.37	-0.666667
3058	3103.04	-0.668532
3059	3103.71	-0.672727
3060	3104.41	-0.694445
3061	3104.41	0
3062	3105.12	-0.714285
3063	3104.55	0.571428
3064	3104.99	-0.444445
3065	3105.28	-0.285714
3066	3106.01	-0.730159
3067	3105.85	0.15873
3068	3106.3	-0.447369
3069	3106.6	-0.303571
3070	3107.36	-0.757692
3071	3108.15	-0.787879
3072	3108.75	-0.606061
3073	3109.18	-0.424242
3074	3109.42	-0.242424
3075	3110.15	-0.727273
3076	3110.69	-0.545455
3077	3110.39	0.30303
3078	3111.18	-0.794872
3079	3111.49	-0.307692
3080	3112.29	-0.794872
3081	3113.09	-0.8
3082	3113.89	-0.803921
3083	3114.02	-0.133333
3084	3114.83	-0.809524
3085	3115.67	-0.833333
3086	3114.06	1.60606
3087	3114.48	-0.423565
3088	3115.33	-0.848484
3089	3116.01	-0.681818
3090	3115.56	0.458333
3091	3114.72	0.833333
3092	3113.82	0.9
3093	3114.61	-0.788888
3094	3113.96	0.656566
3095	3112.66	1.29394
3096	3113.29	-0.633333
3097	3112.79	0.5
3098	3113.69	-0.9
3099	3114.48	-0.785714
3100	3115.32	-0.842857
3101	3116.22	-0.9
3102	3116.62	-0.4
3103	3117.52	-0.9
3104	3117.36	0.166667
3105	3116.52	0.833333
3106	3117.02	-0.5
3107	3117.92	-0.9
3108	3118.42	-0.5
3109	3119.32	-0.9
3110	3120.22	-0.9
3111	3120.22	-1.19209e-07
3112	3120.82	-0.6
3113	3121.52	-0.7
3114	3122.42	-0.9
3115	3123.32	-0.9
3116	3123.83	-0.507936
3117	3124.03	-0.199562
3118	3123.43	0.6
3119	3124.37	-0.938461
3120	3123.43	0.933333
3121	3123.32	0.115385
3122	3122.39	0.933333
3123	3123.02	-0.635531
3124	3120.43	2.58788
3125	3120.76	-0.326923
3126	3117.85	2.91475
3127	3118.1	-0.25641
3128	3118.28	-0.178321
3129	3118.31	-0.0271496
3130	3116.97	1.33333
3131	3117.95	-0.972223
3132	3117.27	0.678572
3133	3116.51	0.761905
3134	3117.29	-0.785714
3135	3118.28	-0.988095
3136	3117.93	0.345238
3137	3115.52	2.40952
3138	3108.62	6.9
3139	3104.47	4.15
3140	3104.07	0.4
3141	3103.68	0.39693
3142	3104.62	-0.942857
3143	3105.74	-1.12201
3144	3106.29	-0.545454
3145	3105.91	0.375
3146	3107.05	-1.13597
3147	3105.75	1.3
3148	3106.85	-1.10015
3149	3107.99	-1.13636
3150	3108.96	-0.97619
3151	3109.61	-0.65
3152	3110.77	-1.15714
3153	3110.74	0.0285715
3154	3111.91	-1.16667
3155	3113.07	-1.16667
3156	3112.57	0.5
3157	3113.57	-1
3158	3114.07	-0.5
3159	3114.74	-0.664286
3160	3115.91	-1.16667
3161	3114.57	1.33333
3162	3112.24	2.33333
3163	3112.31	-0.0666666
3164	3112.97	-0.666667
3165	3113.64	-0.666667
3166	3114.31	-0.666667
3167	3114.81	-0.5
3168	3115.97	-1.16667
3169	3117.14	-1.16667
3170	3118.31	-1.16667
3171	3117.91	0.4
3172	3119.07	-1.16667
3173	3120.24	-1.16667
3174	3121.41	-1.16667
3175	3122.24	-0.833333
3176	3120.01	2.22807
3177	3118.84	1.16667
3178	3118.51	0.333333
3179	3119.68	-1.16667
3180	3120.88	-1.2
3181	3119.93	0.95
3182	3118.16	1.76667
3183	3118.16	0
3184	3118.83	-0.666667
3185	3120.05	-1.22051
3186	3120.6	-0.555556
3187	3120.94	-0.333333
3188	3121.83	-0.888889
3189	3123.06	-1.23809
3190	3122.06	1
3191	3123.3	-1.2381
3192	3123.15	0.15
3193	3124.39	-1.2381
3194	3124.51	-0.121212
3195	3125.09	-0.578088
3196	3125.51	-0.416667
3197	3124.84	0.666667
3198	3126.13	-1.29231
3199	3125.33	0.8
3200	3124.67	0.666667
3201	3124.27	0.4
3202	3125.4	-1.13846
3203	3126.39	-0.987213
3204	3127.62	-1.2303
3205	3127.68	-0.0606059
3206	3128.87	-1.18831
3207	3128.33	0.542857
3208	3128.03	0.3
3209	3127.67	0.352941
3210	3127.81	-0.133333
3211	3126.81	1
3212	3126.47	0.333333
3213	3127.71	-1.2381
3214	3129.09	-1.37719
3215	3130.48	-1.38889
3216	3131.21	-0.730769
3217	3131.88	-0.666667
3218	3133.29	-1.41667
3219	3133.85	-0.555556
3220	3135.01	-1.16667
3221	3135.76	-0.75
3222	3137.18	-1.41667
3223	3137.56	-0.375
3224	3138.22	-0.666667
3225	3139.39	-1.16667
3226	3140.83	-1.4359
3227	3142.29	-1.46667
3228	3143.76	-1.46667
3229	3144.83	-1.06667
3230	3146.29	-1.46667
3231	3147.76	-1.46667
