0	204562	0
1	204542	20.028
2	204525	17.4
3	204509	16.1667
4	204493	15.7429
5	204478	15
6	204465	13.375
7	204456	9
8	204443	12.8571
9	204429	13.6429
10	204417	12.05
11	204405	11.8571
12	204393	11.7679
13	204382	11.55
14	204370	11.506
15	204359	11.2953
16	204348	11.257
17	204337	10.9286
18	204326	10.7917
19	204315	10.6833
20	204305	10.5917
21	204294	10.5214
22	204284	10.419
23	204273	10.5536
24	204263	10.375
25	204253	10.3393
26	204242	10.1893
27	204232	10.1667
28	204222	10.1286
29	204212	10.1143
30	204202	10.0831
31	204192	10.0137
32	204182	10
33	204172	10
34	204162	10
35	204152	10
36	204142	10
37	204132	10
38	204122	10
39	204112	10
40	204102	10
41	204092	10
42	204082	10
43	204072	10
44	204062	10
45	204052	10
46	204042	10
47	204032	10
48	204022	10
49	204012	10
50	204002	10
51	203992	10
52	203982	10
53	203972	10
54	203962	10
55	203952	10
56	203942	10
57	203932	10
58	203922	10
59	203912	10
60	203902	10
61	203892	10
62	203882	10
63	203872	10
64	203860	12
65	203850	10
66	203840	10
67	203830	10
68	203820	10
69	203810	10
70	203800	10
71	203790	10
72	203780	10
73	203770	10
74	203760	10
75	203750	10
76	203740	10
77	203730	10
78	203720	9.93333
79	203710	9.91667
80	203700	9.9141
81	203690	9.9
82	203680	10
83	203670	9.88788
84	203660	9.87778
85	203651	9.85036
86	203641	9.77345
87	203631	9.67695
88	203621	9.91072
89	203612	9.62381
90	203602	9.5947
91	203592	9.58333
92	203583	9.58333
93	203572	10.8988
94	203562	9.50953
95	203553	9.75
96	203543	9.47857
97	203534	9.44322
98	203524	9.42443
99	203515	9.41026
100	203505	9.53223
101	203496	9.56175
102	203486	9.40162
103	203477	9.3787
104	203468	9.3492
105	203458	9.32967
106	203449	9.3
107	203440	9.525
108	203430	9.29231
109	203421	9.27489
110	203412	9.47024
111	203402	9.25
112	203393	9.20285
113	203384	9.2
114	203375	9.16964
115	203366	9.11905
116	203356	9.27855
117	203347	9.09643
118	203338	9.02024
119	203329	9
120	203320	8.99206
121	203311	8.98333
122	203302	9.53333
123	203293	8.97619
124	203284	8.96107
125	203275	8.94629
126	203266	8.91984
127	203257	8.88661
128	203248	8.87955
129	203239	8.88664
130	203230	8.86191
131	203222	8.83809
132	203213	8.88016
133	203204	8.82619
134	203195	8.8
135	203186	8.79155
136	203177	8.78175
137	203168	9.06349
138	203160	8.77055
139	203151	8.75595
140	203142	8.73637
141	203133	8.73594
142	203125	8.72219
143	203116	8.71447
144	203107	8.70867
145	203099	8.7
146	203090	8.68462
147	203081	8.67659
148	203072	8.66667
149	203064	8.66667
150	203055	8.66667
151	203046	8.66667
152	203038	8.66667
153	203029	8.66667
154	203020	8.66667
155	203012	8.66667
156	203003	8.66667
157	202994	8.66667
158	202986	8.65833
159	202977	8.64444
160	202969	8.63248
161	202960	8.62435
162	202951	8.79827
163	202943	8.60119
164	202934	8.5676
165	202925	8.55416
166	202917	8.54404
167	202908	8.57779
168	202899	9.43806
169	202889	10.2342
170	202880	8.51191
171	202872	8.5119
172	202863	8.48991
173	202855	8.48791
174	202845	9.54267
175	202836	8.98077
176	202827	9.35555
177	202818	8.46688
178	202810	8.45834
179	202801	8.44156
180	202793	8.65963
181	202784	9.11263
182	202775	8.41429
183	202767	8.40556
184	202758	8.39694
185	202750	8.39048
186	202742	8.37857
187	202733	8.37222
188	202725	8.58714
189	202716	8.78486
190	202708	8.34493
191	202699	8.33334
192	202691	8.64286
193	202682	8.33333
194	202674	8.43849
195	202665	8.82143
196	202657	8.3373
197	202648	8.29613
198	202640	8.28929
199	202632	8.28765
200	202623	8.27483
201	202615	8.26863
202	202607	8.25833
203	202599	8.25833
204	202590	8.25519
205	202582	8.23968
206	202574	8.23492
207	202566	8.22738
208	202557	8.225
209	202548	9.475
210	202539	8.55771
211	202531	8.34848
212	202523	8.2087
213	202515	8.20519
214	202507	8.19242
215	202498	8.18333
216	202490	8.17822
217	202482	8.15961
218	202474	8.14646
219	202466	8.13533
220	202457	8.23461
221	202449	8.11627
222	202441	8.31869
223	202433	8.1021
224	202425	8.08333
225	202417	8.07809
226	202409	8.28786
227	202400	8.05006
228	202392	8.04872
229	202384	8.0388
230	202376	8.0337
231	202368	8.03333
232	202360	8.03077
233	202352	8.48461
234	202344	8.02857
235	202336	8.02778
236	202328	8.02097
237	202320	8.01865
238	202312	8.01472
239	202304	8.01026
240	202296	8.01025
241	202288	8
242	202280	8
243	202272	8
244	202264	8
245	202256	8
246	202248	8
247	202240	8
248	202232	8
249	202224	8.13637
250	202215	8.10866
251	202207	8
252	202199	8
253	202191	8
254	202183	8
255	202175	8
256	202167	8
257	202159	8
258	202151	8
259	202143	8
260	202135	8
261	202127	8
262	202119	8
263	202111	8
264	202103	8
265	202095	8
266	202087	8
267	202079	8
268	202071	8
269	202063	8
270	202055	8
271	202047	8
272	202039	8
273	202031	8
274	202023	8
275	202015	8
276	202007	8
277	201999	8
278	201991	8
279	201983	8
280	201975	8
281	201967	8
282	201959	8
283	201951	8
284	201943	8
285	201935	8
286	201927	8
287	201919	8
288	201911	8
289	201903	8
290	201895	8
291	201887	8
292	201879	8
293	201871	8
294	201863	8
295	201855	8
296	201847	8
297	201839	8
298	201831	8
299	201823	8
300	201815	8
301	201807	8
302	201799	8
303	201791	8
304	201783	8
305	201775	8
306	201767	8
307	201759	8
308	201751	8
309	201743	8
310	201735	8
311	201727	8
312	201719	8
313	201711	8
314	201703	8
315	201695	8
316	201687	8
317	201679	8
318	201671	8
319	201663	8
320	201655	8
321	201647	8
322	201639	8
323	201631	8
324	201623	8
325	201615	8
326	201607	8
327	201599	8
328	201591	8
329	201583	8
330	201575	8
331	201567	8
332	201559	8
333	201551	8
334	201543	8
335	201535	8
336	201527	8
337	201519	8
338	201511	8
339	201503	8
340	201495	8
341	201487	8
342	201479	8
343	201471	8
344	201463	8
345	201455	8
346	201447	8
347	201439	8
348	201431	8
349	201423	8
350	201415	8
351	201407	8
352	201399	8
353	201391	8
354	201383	8
355	201375	8
356	201367	8
357	201359	8
358	201351	8
359	201343	8
360	201335	8
361	201327	8
362	201319	8
363	201311	8
364	201303	8
365	201295	8
366	201287	8
367	201279	8
368	201271	8
369	201263	8
370	201255	8
371	201247	8
372	201239	8
373	201231	8
374	201223	8
375	201215	8
376	201207	8
377	201199	8
378	201191	7.99583
379	201183	8.12083
380	201175	7.99567
381	201167	8.26316
382	201159	7.98918
383	201151	7.97778
384	201143	7.97619
385	201135	7.96825
386	201127	7.96428
387	201119	8.17124
388	201111	8.38516
389	201102	8.6533
390	201094	7.94524
391	201086	7.93571
392	201078	7.93356
393	201070	7.9271
394	201062	7.90529
395	201054	7.89762
396	201047	7.89762
397	201039	7.8917
398	201031	7.88405
399	201023	7.88532
400	201015	8.29042
401	201007	7.8698
402	200999	8
403	200991	7.84878
404	200983	7.8381
405	200975	7.83333
406	200967	7.82784
407	200959	8.10159
408	200951	7.81454
409	200944	7.8095
410	200936	7.79365
411	200928	7.78877
412	200920	7.77083
413	200912	7.76786
414	200904	8.34295
415	200896	8.38391
416	200888	7.7576
417	200880	7.75034
418	200872	7.74682
419	200865	7.74295
420	200857	7.73928
421	200849	7.76389
422	200842	7.73449
423	200834	7.7244
424	200826	7.71288
425	200818	7.70757
426	200811	7.80714
427	200803	7.8619
428	200794	8.20641
429	200787	7.70317
430	200779	7.6951
431	200771	7.67778
432	200764	7.67262
433	200756	7.67216
434	200748	7.67154
435	200741	7.70238
436	200733	7.67033
437	200725	7.6683
438	200718	7.66191
439	200710	7.69744
440	200702	7.66191
441	200695	7.65882
442	200687	7.8254
443	200679	7.65556
444	200672	7.65476
445	200663	8.26667
446	200656	7.65476
447	200648	7.6526
448	200640	7.65022
449	200633	7.63393
450	200625	7.75893
451	200617	7.62619
452	200610	7.61439
453	200602	7.61026
454	200594	7.60175
455	200587	7.6
456	200579	7.89649
457	200571	7.59784
458	200564	7.58788
459	200556	7.58571
460	200548	7.74048
461	200541	7.58571
462	200533	7.70476
463	200526	7.57778
464	200518	7.575
465	200510	7.56656
466	200503	7.56439
467	200495	7.55495
468	200488	7.55082
469	200480	7.54708
470	200472	8.04463
471	200465	7.53495
472	200457	7.52506
473	200449	7.76191
474	200442	7.69048
475	200434	7.66667
476	200426	7.69048
477	200419	7.6874
478	200411	8.04127
479	200403	7.51415
480	200396	7.50758
481	200388	7.50758
482	200380	8.00714
483	200373	7.5
484	200365	7.5
485	200357	7.625
486	200349	8.30833
487	200342	7.5
