0	5229.02	0
1	5213.71	15.3095
2	5203.79	9.91111
3	5194.79	9
4	5186.89	7.90909
5	5179.29	7.6
6	5172.49	6.8
7	5165.82	6.66667
8	5159.68	6.13636
9	5153.68	6
10	5147.81	5.87108
11	5142.01	5.8
12	5136.34	5.67273
13	5129.9	6.44343
14	5123.08	6.81414
15	5117.42	5.66667
16	5111.94	5.47778
17	5106.7	5.2409
18	5102	4.7
19	5097.33	4.66667
20	5092.66	4.66667
21	5088.12	4.53846
22	5083.68	4.44444
23	5078.61	5.06667
24	5073.55	5.06667
25	5068.84	4.70499
26	5064.17	4.66809
27	5058.62	5.54938
28	5052.33	6.29733
29	5048.28	4.04762
30	5044.23	4.04762
31	5040.42	3.81585
32	5034.08	6.33333
33	5030.32	3.76136
34	5026.32	4
35	5022.7	3.61905
36	5018.92	3.78388
37	5014.79	4.12554
38	5010.86	3.93333
39	5007.16	3.69524
40	5003.65	3.51471
41	5000.38	3.27335
42	4996.82	3.55556
43	4993.33	3.4881
44	4990.03	3.3
45	4986.84	3.19231
46	4982.69	4.15385
47	4979.31	3.3723
48	4975.98	3.33333
49	4972.85	3.12727
50	4969.39	3.45833
51	4965.91	3.48095
52	4962.71	3.2
53	4959.68	3.03258
54	4956.2	3.47619
55	4953.11	3.09524
56	4950.11	3
57	4947.11	3
58	4943.95	3.15476
59	4940.95	3
60	4937.95	3
61	4934.95	3
62	4931.38	3.57143
63	4928.16	3.22222
64	4925.16	3
65	4922.24	2.91667
66	4918.74	3.50758
67	4915.94	2.79872
68	4913.1	2.83333
69	4910.31	2.78947
70	4906.42	3.89474
71	4903.64	2.78022
72	4900.89	2.75
73	4898.14	2.75
74	4894.14	4
75	4891.43	2.71429
76	4887.74	3.68182
77	4883.97	3.77273
78	4881.33	2.63636
79	4878.7	2.63333
80	4875.68	3.01818
81	4873.08	2.6
82	4870.49	2.59596
83	4867.92	2.56364
84	4865.3	2.62121
85	4862.59	2.71212
86	4859.79	2.80303
87	4856.92	2.87013
88	4854.1	2.81818
89	4851.19	2.90909
90	4848.58	2.60606
91	4845.8	2.78788
92	4842.71	3.08734
93	4840.18	2.52381
94	4837.01	3.17143
95	4834.51	2.5
96	4832.01	2.5
97	4829.31	2.69949
98	4826.87	2.43939
99	4824.55	2.32828
100	4822.23	2.31667
101	4819.05	3.18095
102	4816.55	2.5
103	4813.24	3.30952
104	4810.41	2.82456
105	4808.15	2.26667
106	4805.96	2.18462
107	4803.22	2.73846
108	4800.73	2.49231
109	4798.24	2.49231
110	4795.59	2.64615
111	4793.44	2.15714
112	4790.96	2.47619
113	4788.21	2.75
114	4785.46	2.75
115	4783.39	2.07273
116	4781.11	2.2732
117	4778.93	2.1812
118	4776.9	2.03263
119	4774.31	2.59091
120	4770.27	4.03636
121	4768.24	2.0303
122	4766.24	2
123	4764.27	1.97549
124	4761.65	2.61709
125	4758.86	2.79145
126	4756.66	2.19597
127	4753.92	2.74176
128	4751.51	2.40897
129	4749.65	1.86667
130	4745.38	4.26667
131	4743.52	1.85897
132	4741.66	1.85897
133	4739.52	2.14286
134	4737.71	1.80952
135	4735.91	1.79902
136	4733.85	2.05898
137	4730.74	3.11111
138	4728.63	2.10476
139	4724.2	4.43333
140	4721.45	2.75458
141	4718.42	3.02222
142	4714.98	3.44444
143	4712.75	2.23232
144	4709.97	2.77778
145	4706.9	3.06667
146	4705.27	1.63333
147	4703.34	1.93333
148	4701.54	1.8
149	4699.94	1.6
150	4698.37	1.57143
151	4696.34	2.02381
152	4694.74	1.5974
153	4693.11	1.63636
154	4691.25	1.8545
155	4689.68	1.57143
156	4688.13	1.55556
157	4686.58	1.55
158	4684.58	2
159	4683.05	1.52381
160	4681.43	1.61905
161	4679.93	1.5
162	4678.43	1.5
163	4676.93	1.5
164	4675.43	1.5
165	4673.43	2
166	4671.93	1.5
167	4670.43	1.5
168	4668.96	1.47222
169	4667.5	1.46154
170	4666.06	1.44444
171	4664.63	1.42857
172	4663.2	1.42857
173	4661.78	1.41818
174	4660.38	1.40476
175	4658.58	1.8
176	4656.85	1.72381
177	4654.51	2.34286
178	4652.18	2.33333
179	4649.15	3.02857
180	4646.97	2.18095
181	4644.97	2
182	4641.97	3
183	4640.57	1.4
184	4639.17	1.4
185	4637.37	1.8
186	4635.17	2.2
187	4633.77	1.4
188	4631.97	1.8
189	4629.37	2.6
190	4628.01	1.35556
191	4626.66	1.34796
192	4625.23	1.43677
193	4623.15	2.07941
194	4621.22	1.92206
195	4619.06	2.16471
196	4617.78	1.27778
197	4615.88	1.9
198	4614.65	1.23333
199	4613.23	1.41624
200	4611.55	1.67949
201	4609.51	2.04274
202	4607.75	1.76282
203	4606.31	1.44103
204	4604.5	1.80708
205	4602.76	1.74359
206	4601.09	1.66667
207	4599.76	1.33333
208	4598.62	1.13333
209	4597.29	1.33333
210	4596.16	1.13333
211	4595.02	1.13333
212	4593.89	1.13333
213	4592.77	1.12179
214	4591.68	1.09206
215	4590.38	1.29487
216	4589.33	1.04762
217	4588.29	1.0381
218	4585.62	2.67857
219	4583.3	2.31429
220	4581	2.30476
221	4578.73	2.26905
222	4574.97	3.75714
223	4572.27	2.69524
224	4570.76	1.51667
225	4569.76	1
226	4568.77	0.988096
227	4567.54	1.22727
228	4566.57	0.975669
229	4565.6	0.972222
230	4564.64	0.955556
231	4562.44	2.2
232	4559.05	3.39394
233	4558.03	1.01818
234	4557.11	0.914286
235	4555.97	1.14286
236	4554.87	1.10476
237	4553.67	1.2
238	4552.79	0.873377
239	4551.94	0.848485
240	4551.11	0.833333
241	4550.28	0.833333
242	4549.47	0.809525
243	4547.93	1.53333
244	4546.46	1.47619
245	4545.5	0.952381
246	4544.34	1.16191
247	4540.97	3.37143
248	4539.06	1.91429
249	4537.73	1.32381
250	4536.14	1.59286
251	4534.61	1.52857
252	4532.16	2.44935
253	4531.43	0.732539
254	4530.18	1.25
255	4529.49	0.691775
256	4528.42	1.07143
257	4526.22	2.2
258	4525.28	0.940476
259	4523.68	1.6
260	4522.54	1.13407
261	4520.97	1.57647
262	4520.17	0.793651
263	4519.4	0.771429
264	4517.46	1.94127
265	4515.91	1.54945
266	4514.21	1.69841
267	4512.85	1.35727
268	4511	1.85714
269	4509.2	1.8
270	4507.96	1.23333
271	4507.33	0.633334
272	4506.78	0.547619
273	4505.28	1.5
274	4504.47	0.809524
275	4502.97	1.5
276	4502.43	0.547619
277	4501.93	0.5
278	4501.28	0.642858
279	4500.5	0.785715
280	4499.57	0.928571
281	4498.5	1.07143
282	4497.28	1.21429
283	4495.51	1.77381
284	4492.84	2.66667
285	4489.7	3.14286
286	4487.92	1.77983
287	4486.01	1.90476
288	4484.01	2
289	4481.7	2.31746
290	4479.41	2.28571
291	4478.89	0.52381
292	4478.27	0.619048
293	4477.55	0.714286
294	4476.74	0.809524
295	4476.33	0.416667
296	4475.71	0.617647
297	4475.17	0.536766
298	4474.39	0.779413
299	4473.37	1.02206
300	4472.63	0.746154
301	4471.78	0.843182
302	4471.38	0.4
303	4470.78	0.6
304	4470.27	0.514286
305	4469.87	0.4
306	4469.27	0.6
307	4468.87	0.4
308	4468.27	0.6
309	4467.47	0.8
310	4466.53	0.935065
311	4465.13	1.4026
312	4464.2	0.930404
313	4463.84	0.357143
314	4463.51	0.333334
315	4463.01	0.5
316	4462.68	0.333333
317	4461.68	1
318	4461.34	0.333333
319	4460.34	1
320	4460.01	0.333333
321	4459.01	1
322	4458.68	0.333333
323	4457.68	1
324	4457.02	0.651514
325	4455.8	1.22222
326	4455.47	0.333333
327	4454.07	1.4
328	4452.94	1.13333
329	4451.94	1
330	4451.6	0.333333
331	4451.27	0.333333
332	4448.6	2.66667
333	4447.49	1.11111
334	4447.16	0.333333
335	4446.16	1
336	4445.69	0.466667
337	4445.09	0.6
338	4443.69	1.4
339	4442.82	0.866667
340	4441.66	1.16667
341	4441.02	0.633333
342	4440.02	1
343	4439.69	0.333333
344	4438.69	1
345	4438.36	0.333333
346	4436.96	1.4
347	4436.62	0.333333
348	4435.87	0.75
349	4435.21	0.666667
350	4433.71	1.5
351	4431.71	2
352	4431.37	0.333333
353	4431.04	0.333333
354	4430.71	0.333333
355	4430.24	0.466667
356	4429.91	0.333333
357	4429.57	0.333333
358	4428.57	1
359	4427.75	0.818181
360	4425.59	2.16667
361	4425.26	0.327273
362	4424.96	0.3
363	4424.43	0.535714
364	4424	0.428571
365	4423.76	0.235294
366	4423.54	0.222222
367	4423.1	0.444445
368	4422.43	0.666667
369	4421.54	0.888889
370	4420.43	1.11111
371	4419.1	1.33333
372	4418.5	0.6
373	4418.01	0.488889
374	4417.31	0.69489
375	4417.12	0.190476
376	4416.93	0.190475
377	4416.65	0.285713
378	4416.24	0.40404
379	4416.06	0.178571
380	4415.88	0.178571
381	4415.71	0.173161
382	4415.54	0.166667
383	4415.21	0.333333
384	4414.79	0.416667
385	4414.63	0.166667
386	4414.46	0.166666
387	4414.18	0.284313
388	4413.77	0.40196
389	4413.63	0.142857
390	4413.49	0.142857
391	4412.37	1.11429
392	4411.27	1.1
393	4411.18	0.0909088
394	4411.12	0.0666666
395	4410.27	0.844445
396	4410.06	0.21111
397	4409.76	0.296703
398	4409.43	0.329914
399	4408.31	1.1282
400	4407.67	0.634992
401	4406.9	0.769232
402	4405.47	1.43333
403	4403.55	1.92308
404	4401.97	1.57692
405	4400.24	1.73077
406	4398.25	1.98462
407	4396.72	1.53846
408	4395.02	1.69231
409	4393.96	1.06667
410	4393.76	0.2
411	4393.42	0.333334
412	4391.55	1.87051
413	4390.95	0.600001
414	4390.05	0.900001
415	4388.85	1.2
416	4387.46	1.38889
417	4386.84	0.623932
418	4386.51	0.333334
419	4385.95	0.555556
420	4385.17	0.777778
421	4384.51	0.666667
422	4384.51	1.19209e-07
423	4383.22	1.28571
424	4382.56	0.662338
425	4380.7	1.85714
426	4379.66	1.03896
427	4377.52	2.14286
428	4376.82	0.701298
429	4375.82	1
430	4375.17	0.64935
431	4373.6	1.57143
432	4373.14	0.454545
433	4372.14	1
434	4371.6	0.545454
435	4370.6	1
436	4369.29	1.30303
437	4366.96	2.33333
438	4366.23	0.727272
439	4365.01	1.22222
440	4363.75	1.26263
441	4362.08	1.66667
442	4360.28	1.79798
443	4358.17	2.11111
444	4356.84	1.33333
445	4354.51	2.33333
446	4354.22	0.282828
447	4353.78	0.444444
448	4353.61	0.166667
449	4352.54	1.06667
450	4352.54	2.38419e-07
451	4350.54	2
452	4350.54	1.19209e-07
453	4350.54	1.19209e-07
454	4350.15	0.4
455	4349.35	0.8
456	4348.15	1.2
457	4346.54	1.6
458	4346.54	1.19209e-07
459	4346.29	0.25
460	4346.29	1.19209e-07
461	4346.29	1.19209e-07
462	4345.79	0.5
463	4344.79	1
464	4343.29	1.5
465	4343.29	1.19209e-07
466	4343.07	0.222222
467	4342.63	0.444445
468	4341.96	0.666667
469	4340.67	1.28889
470	4339.56	1.11111
471	4337.83	1.73333
472	4336.94	0.888889
473	4336.43	0.505051
474	4335.77	0.666667
475	4335.27	0.5
476	4334.27	1
477	4332.95	1.31818
478	4332.95	1.19209e-07
479	4332.95	1.19209e-07
480	4332.95	1.19209e-07
481	4332.66	0.285714
482	4332.09	0.571429
483	4331.24	0.857143
484	4330.09	1.14286
485	4329.66	0.428571
486	4329.66	1.19209e-07
487	4329.26	0.4
488	4328.31	0.953846
489	4328	0.307693
490	4327.04	0.961539
491	4325.43	1.61538
492	4323.49	1.9359
493	4322.29	1.20086
494	4319.82	2.46581
495	4317.93	1.89744
496	4315.38	2.55128
497	4314.17	1.20513
498	4312.81	1.35898
499	4311.96	0.846155
500	4310.55	1.41667
501	4310.55	2.38419e-07
502	4310.09	0.455556
503	4308.85	1.24444
504	4307.65	1.2
505	4306.05	1.6
506	4306.05	1.19209e-07
507	4305.65	0.4
508	4304.85	0.8
509	4302.98	1.86667
510	4301.38	1.6
511	4300.38	1
512	4299.71	0.666667
513	4299.71	1.19209e-07
514	4299.21	0.5
515	4298.21	1
516	4297	1.21429
517	4297	1.19209e-07
518	4297	1.19209e-07
519	4296.5	0.5
520	4295.5	1
521	4293.6	1.9
522	4293.6	1.19209e-07
523	4293.2	0.4
524	4292.4	0.8
525	4292.4	1.19209e-07
526	4292.4	1.19209e-07
527	4291.9	0.5
528	4290.9	1
529	4289.65	1.25
530	4289.65	1.19209e-07
531	4289.65	1.19209e-07
532	4289.15	0.5
533	4288.65	0.5
534	4288.65	1.19209e-07
535	4288.25	0.4
536	4287.75	0.5
537	4287.75	1.19209e-07
538	4287.25	0.5
539	4286.25	1
540	4285.04	1.21429
541	4285.04	1.19209e-07
542	4284.37	0.666667
543	4283.04	1.33333
544	4283.04	1.19209e-07
545	4282.64	0.4
546	4281.84	0.8
547	4280.24	1.6
548	4278.64	1.6
549	4278.64	1.19209e-07
550	4278.14	0.5
551	4277.64	0.5
552	4276.64	1
553	4275.14	1.5
554	4274.91	0.222222
555	4274.18	0.733333
556	4273.96	0.222222
557	4273.74	0.222222
558	4273.74	1.19209e-07
559	4273.07	0.666667
560	4271.74	1.33333
561	4271.74	1.19209e-07
562	4271.49	0.25
563	4270.99	0.5
564	4270.64	0.35
565	4270.09	0.542857
566	4269.72	0.371428
567	4269.22	0.5
568	4268.22	1
569	4266.97	1.25
570	4266.17	0.8
571	4266.17	1.19209e-07
572	4265.67	0.5
573	4264.67	1
574	4262.95	1.71818
575	4262.95	1.19209e-07
576	4262.2	0.75
577	4261.7	0.5
578	4260.95	0.75
579	4259.45	1.5
580	4257.2	2.25
581	4255.84	1.36667
582	4255.29	0.55
583	4254.89	0.4
584	4254.89	1.19209e-07
585	4254.71	0.181818
586	4254.71	1.19209e-07
587	4252.61	2.1
588	4252.11	0.5
589	4252.11	1.19209e-07
590	4251.77	0.333333
591	4251.11	0.666667
592	4251.11	1.19209e-07
593	4250.61	0.5
594	4249.61	1
595	4248.11	1.5
596	4248.11	1.19209e-07
597	4248.11	1.19209e-07
598	4246.11	2
599	4246.11	0
600	4245.92	0.190476
601	4245.42	0.5
602	4245.42	0
603	4245.42	0
604	4245.42	0
605	4245.42	0
606	4245.02	0.4
607	4245.02	0
608	4245.02	0
609	4244.62	0.4
610	4243.42	1.2
611	4242.22	1.2
612	4240.22	2
613	4240.22	0
614	4240.22	0
615	4240.22	0
616	4240.22	0
617	4239.82	0.4
618	4239.62	0.2
619	4239.22	0.4
620	4238.62	0.6
621	4237.82	0.8
622	4236.82	1
623	4235.62	1.2
624	4233.97	1.65
625	4232.37	1.6
626	4230.57	1.8
627	4230.57	1.19209e-07
628	4229.17	1.4
629	4229.17	0
630	4229.17	0
631	4229.17	0
632	4229.17	0
633	4229.17	0
634	4229.17	0
635	4229.17	0
636	4229.17	0
637	4228.17	1
638	4226.17	2
639	4226.17	0
640	4226.17	0
641	4226.17	0
642	4226.17	0
643	4226.17	0
644	4226.17	0
645	4224.77	1.4
646	4224.77	0
647	4224.37	0.4
648	4224.37	0
649	4224.37	0
650	4224.03	0.333333
651	4222.97	1.06667
652	4221.97	1
653	4220.63	1.33333
654	4218.97	1.66667
655	4218.97	0
656	4218.97	0
657	4218.57	0.4
658	4218.57	0
659	4218.57	0
660	4217.57	1
661	4217.57	0
662	4217.57	0
663	4217.57	0
664	4217.57	0
665	4217.57	0
666	4215.57	2
667	4214.57	1
668	4214.57	0
669	4213.57	1
670	4213.57	0
671	4213.28	0.285714
672	4213.28	0
673	4213.28	0
674	4213.28	0
675	4213.28	0
676	4212.88	0.4
677	4212.88	0
678	4211.88	1
679	4211.48	0.4
680	4211.48	0
681	4211.48	0
682	4211.48	0
683	4211.23	0.25
684	4210.73	0.5
685	4210.73	0
686	4210.73	0
687	4210.73	0
688	4210.73	0
689	4210.44	0.285714
690	4209.87	0.571429
691	4209.02	0.857143
692	4209.02	0
693	4209.02	0
694	4209.02	0
695	4209.02	0
696	4209.02	0
697	4209.02	0
698	4209.02	0
699	4209.02	0
700	4209.02	0
701	4209.02	0
702	4208.62	0.4
703	4208.37	0.25
704	4207.87	0.5
705	4207.87	0
706	4207.2	0.666667
707	4206.12	1.08333
708	4206.12	0
709	4206.12	0
710	4205.12	1
711	4203.78	1.33333
712	4203.78	0
713	4203.1	0.685714
714	4202.53	0.571429
715	4201.67	0.857143
716	4200.87	0.8
717	4200.47	0.4
718	4200.47	0
719	4200.47	0
720	4200.22	0.25
721	4200.22	0
722	4199.82	0.4
723	4199.82	0
724	4199.82	0
725	4199.02	0.8
726	4199.02	0
727	4199.02	0
728	4199.02	0
729	4199.02	0
730	4199.02	0
731	4198.62	0.4
732	4198.11	0.514285
733	4197.98	0.12987
734	4197.98	0
735	4197.98	0
736	4197.98	0
737	4197.73	0.25
738	4197.73	0
739	4197.73	0
740	4197.73	0
741	4197.73	0
742	4197.73	0
743	4197.73	0
744	4197.73	0
745	4197.04	0.685714
746	4197.04	0
747	4196.04	1
748	4196.04	0
749	4196.04	0
750	4195.54	0.5
751	4195.34	0.2
752	4195.27	0.0666667
753	4195.27	0
754	4194.94	0.333333
755	4194.05	0.888889
756	4193.05	1
757	4191.72	1.33333
758	4190.05	1.66667
759	4189.05	1
760	4189.05	0
761	4189.05	0
762	4188.65	0.4
763	4188.65	0
764	4188.65	0
765	4188.25	0.4
766	4187.45	0.8
767	4186.25	1.2
768	4184.65	1.6
769	4184.25	0.4
770	4184.25	0
771	4184.25	0
772	4183.81	0.444444
773	4183.81	0
774	4183.81	0
775	4183.56	0.25
776	4183.56	0
777	4183.56	0
778	4183.41	0.142857
779	4183.41	0
780	4183.16	0.25
781	4182.66	0.5
782	4182.66	0
783	4182.66	0
784	4182.66	0
785	4182.66	0
786	4182.33	0.333333
787	4182.18	0.15
788	4182.18	0
789	4182.18	0
790	4182.18	0
791	4182.18	0
792	4182.18	0
793	4182.18	0
794	4181.78	0.4
795	4181.76	0.0222223
796	4181.68	0.0808082
797	4181.53	0.151515
798	4180.53	0.999999
799	4178.36	2.16667
800	4175.28	3.08333
801	4174.13	1.14286
802	4172.49	1.64286
803	4172.16	0.333333
804	4169.91	2.25
805	4169.14	0.761905
806	4168.14	1
807	4166.48	1.66667
808	4165.05	1.42857
809	4164.05	0.999999
810	4162.75	1.3
811	4161.4	1.35
812	4160.49	0.914286
813	4159.19	1.3
814	4157.59	1.6
815	4155.87	1.71429
816	4155.2	0.666667
817	4154.8	0.4
818	4152.64	2.16667
819	4151.57	1.06667
820	4151.08	0.488889
821	4150.47	0.611111
822	4150.47	0
823	4150.3	0.166667
824	4150.3	0
825	4149.3	1
826	4149.3	0
827	4148.3	1
828	4148.3	0
829	4148.3	0
830	4148.3	0
831	4148.3	0
832	4146.8	1.5
833	4146.8	0
834	4146.55	0.25
835	4146.55	0
836	4146.55	0
837	4146.55	0
838	4145.65	0.9
839	4145.45	0.2
840	4145.39	0.0666667
841	4145.39	0
842	4145.39	0
843	4145.39	0
844	4144.89	0.5
845	4144.89	0
846	4144.89	0
847	4143.89	1
848	4143.89	0
849	4142.89	1
850	4142.89	0
851	4142.55	0.333333
852	4141.89	0.666667
853	4141.89	0
854	4141.22	0.666667
855	4139.89	1.33333
856	4139.49	0.4
857	4139.49	0
858	4139.49	0
859	4139.49	0
860	4139.49	0
861	4139.49	0
862	4139.49	0
863	4139.49	0
864	4138.49	1
865	4138.49	0
866	4138.49	0
867	4138.49	0
868	4138.49	0
869	4138.49	0
870	4137.49	1
871	4137.49	0
872	4137.49	0
873	4137.49	0
874	4137.49	0
875	4137.49	0
876	4137.09	0.4
877	4137.09	0
878	4137.09	0
879	4137.09	0
880	4136.69	0.4
881	4136.69	0
882	4136.69	0
883	4136.69	0
884	4136.69	0
885	4136.69	0
886	4136.69	0
887	4135.89	0.8
888	4135.89	0
889	4135.89	0
890	4135.89	0
891	4135.89	0
892	4135.39	0.5
893	4135.39	0
894	4135.39	0
895	4134.99	0.4
896	4134.99	0
897	4134.99	0
898	4134.56	0.428572
899	4133.56	1
900	4133.56	0
901	4133.56	0
902	4133.56	0
903	4133.56	0
904	4133.06	0.5
905	4133.06	0
906	4132.26	0.8
907	4132.26	0
908	4132.26	0
909	4132.26	0
910	4131.86	0.4
911	4131.86	0
912	4131.46	0.4
913	4131.46	0
914	4131.46	0
915	4131.46	0
916	4130.66	0.8
917	4130.66	0
918	4130.66	0
919	4130.66	0
920	4130.66	0
921	4130.66	0
922	4130.66	0
923	4130.66	0
924	4128.66	2
925	4128.66	0
926	4128.66	0
927	4128.66	0
928	4128.66	0
929	4128.66	0
930	4128.66	0
931	4128.66	0
932	4128.66	0
933	4127.46	1.2
934	4127.46	0
935	4127.46	0
936	4127.46	0
937	4127.46	0
938	4127.06	0.4
939	4127.06	0
940	4127.06	0
941	4127.06	0
942	4127.06	0
943	4127.06	0
944	4127.06	0
945	4127.06	0
946	4127.06	0
947	4127.06	0
948	4127.06	0
949	4127.06	0
950	4127.06	0
951	4126.39	0.666667
952	4126.39	0
953	4126.39	0
954	4125.59	0.8
955	4125.59	0
956	4125.59	0
957	4124.22	1.37143
958	4124.22	0
959	4124.22	0
960	4123.82	0.4
961	4123.82	0
962	4123.82	0
963	4123.82	0
964	4123.82	0
965	4122.82	1
966	4122.82	0
967	4122.82	0
968	4122.02	0.8
969	4122.02	0
970	4122.02	0
971	4122.02	0
972	4122.02	0
973	4121.62	0.4
974	4121.62	-1.19209e-07
975	4121.62	-1.19209e-07
976	4121.62	-1.19209e-07
977	4121.62	-1.19209e-07
978	4121.62	-1.19209e-07
979	4121.62	-1.19209e-07
980	4121.62	-1.19209e-07
981	4121.62	-1.19209e-07
982	4121.42	0.2
983	4121.42	-1.19209e-07
984	4121.42	-1.19209e-07
985	4121.42	-1.19209e-07
986	4121.24	0.181818
987	4120.88	0.363636
988	4120.88	0
989	4120.88	0
990	4120.88	0
991	4120.88	8.34465e-07
992	4120.7	0.181818
993	4120.7	-1.19209e-07
994	4120.7	-1.19209e-07
995	4120.05	0.644444
996	4120.05	-1.19209e-07
997	4119.38	0.666667
998	4119.38	-1.19209e-07
999	4118.3	1.08333
1000	4117.7	0.6
1001	4116.37	1.33333
1002	4115.37	1
1003	4114.03	1.33333
1004	4112.63	1.4
1005	4111.63	0.999999
1006	4109.53	2.10196
1007	4109.53	-9.53674e-07
1008	4108.53	1
1009	4108.53	0
1010	4108.55	-0.0222225
1011	4107.98	0.571429
1012	4107.85	0.12987
1013	4107.72	0.12987
1014	4107.77	-0.0454545
1015	4107.24	0.533333
1016	4106.1	1.13636
1017	4104.01	2.08485
1018	4104.01	1.19209e-07
1019	4104.01	0
1020	4104.01	0
1021	4104.08	-0.0666649
1022	4103.55	0.533333
1023	4103.15	0.400002
1024	4102.69	0.459596
1025	4102.32	0.363636
1026	4102.41	-0.0823538
1027	4102.54	-0.133333
1028	4102.54	0
1029	4102.32	0.222222
1030	4101.56	0.761905
1031	4101.56	-1.19209e-07
1032	4101.56	-1.19209e-07
1033	4101.69	-0.136364
1034	4101.69	-2.38419e-07
1035	4101.81	-0.121212
1036	4101.81	-4.76837e-07
1037	4101.93	-0.111189
1038	4102.06	-0.135353
1039	4102.1	-0.0444444
1040	4102.33	-0.221849
1041	4102.02	0.302272
1042	4102.1	-0.0756307
1043	4102.11	-0.0102203
1044	4101.71	0.404761
1045	4101.61	0.0929968
1046	4100.69	0.925
1047	4100.49	0.201986
1048	4100.17	0.317469
1049	4099.53	0.638889
1050	4098.99	0.541177
1051	4097.99	1
1052	4097.25	0.742157
1053	4096.59	0.661086
1054	4095.71	0.875
1055	4095.24	0.475
1056	4094.57	0.667647
1057	4093.37	1.2
1058	4092.58	0.784874
1059	4091.72	0.866667
1060	4092.01	-0.297222
1061	4090.16	1.85714
1062	4090.31	-0.15
1063	4088.31	1.99841
1064	4087.49	0.819049
1065	4085.62	1.86731
1066	4085.74	-0.121428
1067	4084.39	1.35
1068	4084.72	-0.325275
1069	4084.75	-0.0357145
1070	4084.92	-0.166667
1071	4085.26	-0.344444
1072	4085.43	-0.166667
1073	4085.78	-0.348485
1074	4086.15	-0.366667
1075	4084.18	1.96667
1076	4084.05	0.133334
1077	4081.21	2.83333
1078	4080.38	0.833333
1079	4080.25	0.133333
1080	4078.95	1.3
1081	4078.28	0.666667
1082	4078.48	-0.2
1083	4078.48	1.19209e-07
1084	4076.48	2
1085	4076.69	-0.210256
1086	4076.9	-0.214286
1087	4076.9	0
1088	4077.31	-0.408658
1089	4074.69	2.625
1090	4074.5	0.192208
1091	4070.63	3.86428
1092	4069.49	1.14545
1093	4066.61	2.875
1094	4065.62	0.993939
1095	4062.67	2.94445
1096	4061.92	0.75
1097	4060.7	1.225
1098	4059.26	1.43333
1099	4057.64	1.625
1100	4054.22	3.41667
1101	4053.49	0.733333
1102	4052.49	1
1103	4051.77	0.722222
1104	4051.19	0.575539
1105	4050.9	0.287879
1106	4049.9	1
1107	4049.92	-0.01162
1108	4049.01	0.910256
1109	4049.49	-0.481792
1110	4048.24	1.25
1111	4048.63	-0.390476
1112	4048.63	1.19209e-07
1113	4049.08	-0.45
1114	4049.56	-0.485714
1115	4050.05	-0.485714
1116	4050	0.047619
1117	4049.95	0.047619
1118	4050.44	-0.485714
1119	4050.11	0.333333
1120	4050.61	-0.500752
1121	4051.14	-0.533332
1122	4050.92	0.222222
1123	4051.12	-0.2
1124	4050.83	0.285714
1125	4051.37	-0.533333
1126	4051.57	-0.2
1127	4051.77	-0.2
1128	4052.3	-0.533333
1129	4052.63	-0.333333
1130	4053.18	-0.547619
1131	4053.74	-0.555556
1132	4054.07	-0.333333
1133	4054.29	-0.222222
1134	4054.62	-0.333334
1135	4055.11	-0.484849
1136	4055.16	-0.0555556
1137	4055.39	-0.222222
1138	4055.65	-0.262626
1139	4056.1	-0.450794
1140	4056.34	-0.235294
1141	4056.67	-0.336538
1142	4056.98	-0.307692
1143	4057.13	-0.153846
1144	4057.48	-0.342857
1145	4057.98	-0.504201
1146	4058.38	-0.399998
